curTime_of_UTC8,num_send_packets,avg_send_packetLen,send_dataStream,avg_send_packetInterval,num_recv_packets,avg_recv_packetLen,recv_dataStream,avg_recv_packetInterval,label,mn_u_r_mean,mn_d_r_mean,mn_u_m_mean,mn_d_m_mean,mn_d_g_mean,mn_u_g_mean,mn_u_b_mean,mn_d_b_mean,mn_cqi_mean,mn_mac_mean,mn_bandwidth_mean,rsrp_1_mean,snr_1_mean
2025-11-05 00:00:08,26,113.6153846153846,2954,0.0402472294293917,29,145.9655172413793,4233,0.0353458996476798,0,6.8,4.4,10.8,8.8,4.6,6.6,0.07,0.0339999999999999,-1.0,647.2,20.0,-155.0,-11.466666666666669
2025-11-05 00:00:09,4,117.0,468,0.2677714824676513,21,101.47619047619048,2131,0.0473635196685791,0,7.8,5.0,13.2,10.0,5.0,6.0,0.128,0.038,-1.0,684.0,20.0,-103.0,5.599999999999999
2025-11-05 00:00:10,7,120.14285714285714,841,0.1379733085632324,26,102.65384615384616,2669,0.0377147747920109,0,9.0,4.4,11.6,9.6,5.2,6.6,0.186,0.046,-1.0,715.6,20.0,-105.66666666666669,5.599999999999999
2025-11-05 00:00:11,15,117.93333333333334,1769,0.054542064666748,20,112.7,2254,0.0502528429031372,0,7.4,3.6,9.8,9.4,2.6,3.2,0.202,0.0339999999999999,-1.0,180.2,20.0,-156.66666666666666,-2.9333333333333336
2025-11-05 00:00:12,13,113.46153846153848,1475,0.0918346184950608,18,138.61111111111111,2495,0.054568502638075,0,8.2,4.6,10.2,10.2,4.4,4.8,0.134,0.062,-1.0,693.4,20.0,-104.0,-2.9333333333333336
2025-11-05 00:00:13,27,114.25925925925924,3085,0.0372755527496337,22,138.5909090909091,3049,0.0450057224793867,0,7.8,4.0,8.6,9.4,2.8,3.4,0.2,0.046,-1.0,183.0,20.0,-106.66666666666669,-2.9333333333333336
2025-11-05 00:00:14,22,111.27272727272728,2448,0.0442070852626453,20,156.05,3121,0.0524243593215942,0,8.2,4.6,10.2,10.2,4.4,4.8,0.134,0.062,-1.0,693.4,20.0,-104.0,-2.9333333333333336
2025-11-05 00:00:15,20,111.5,2230,0.0524783611297607,18,152.44444444444446,2744,0.0549444357554117,0,8.6,4.6,9.6,10.2,4.6,5.2,0.152,0.062,-1.0,1679.4,20.0,-107.33333333333331,31.2
2025-11-05 00:00:16,20,110.75,2215,0.0470344424247741,18,164.05555555555554,2953,0.0556972821553548,0,7.8,4.2,8.4,9.8,3.0,2.8,0.2,0.06,-1.0,195.2,20.0,-107.33333333333331,22.666666666666668
2025-11-05 00:00:17,18,114.11111111111111,2054,0.0567002296447753,18,155.38888888888889,2797,0.0543569458855523,0,7.8,4.4,8.0,9.6,3.4,3.4,0.188,0.064,-1.0,192.8,20.0,-104.66666666666669,-20.0
2025-11-05 00:00:18,24,114.91666666666669,2758,0.0429342488447825,21,143.1904761904762,3007,0.0471539951506115,0,7.8,4.2,8.4,9.8,3.0,2.8,0.2,0.06,-1.0,195.2,20.0,-107.33333333333331,22.666666666666668
2025-11-05 00:00:19,41,110.21951219512196,4519,0.0237568529640756,17,160.52941176470588,2729,0.0585192371817196,0,6.6,4.6,8.0,9.4,3.2,3.6,0.11,0.076,-1.0,1059.6,20.0,-107.66666666666669,14.133333333333333
2025-11-05 00:00:20,17,111.94117647058825,1903,0.0583082928377039,17,165.58823529411765,2815,0.0594138257643755,0,6.0,4.6,8.8,9.2,3.0,3.2,0.126,0.05,-1.0,1464.0,20.0,-105.0,14.133333333333333
2025-11-05 00:00:21,17,111.94117647058825,1903,0.059793472290039,16,179.5,2872,0.0646233111619949,0,6.6,4.6,8.0,9.4,3.2,3.6,0.11,0.076,-1.0,1059.6,20.0,-107.66666666666669,14.133333333333333
2025-11-05 00:00:22,17,109.47058823529412,1861,0.0575761795043945,18,169.72222222222223,3055,0.0551371706856621,0,5.6,4.8,10.0,8.4,3.0,3.8,0.146,0.052,-1.0,74.0,20.0,-105.33333333333331,14.133333333333333
2025-11-05 00:00:23,22,117.36363636363636,2582,0.0451109517704356,22,156.63636363636363,3446,0.0447074499997225,0,5.6,4.6,11.2,9.0,2.8,3.4,0.202,0.046,-1.0,78.2,20.0,-111.33333333333331,56.79999999999999
2025-11-05 00:00:24,21,116.38095238095238,2444,0.0482438518887474,18,161.5,2907,0.0550039476818508,0,5.6,4.8,10.0,8.4,3.0,3.8,0.146,0.052,-1.0,74.0,20.0,-105.33333333333331,14.133333333333333
2025-11-05 00:00:25,27,111.66666666666669,3015,0.0368256303999159,18,168.0,3024,0.0550518300798204,0,7.6,4.6,9.4,9.4,3.2,3.2,0.18,0.05,-1.0,1986.6,20.0,-107.33333333333331,14.133333333333333
2025-11-05 00:00:27,21,111.38095238095238,2339,0.0475273245856875,18,182.11111111111111,3278,0.0579226679272121,0,8.2,4.6,8.0,9.6,3.2,2.8,0.166,0.046,-1.0,1990.4,20.0,-104.66666666666669,-11.466666666666669
2025-11-05 00:00:28,25,114.68,2867,0.0405154418945312,20,155.45,3109,0.0497183084487915,0,8.6,6.8,7.8,9.6,5.6,3.0,0.178,0.062,-1.0,2003.8,20.0,-107.33333333333331,39.73333333333333
2025-11-05 00:00:29,36,111.33333333333331,4008,0.0283252265718248,18,159.83333333333334,2877,0.0549462768766615,0,8.2,4.6,8.0,9.6,3.2,2.8,0.166,0.046,-1.0,1990.4,20.0,-104.66666666666669,-11.466666666666669
2025-11-05 00:00:30,35,111.74285714285716,3911,0.0269112246377127,18,160.88888888888889,2896,0.0547213289472791,0,8.0,5.0,7.2,8.8,3.2,3.0,0.138,0.032,-1.0,1396.0,20.0,-108.66666666666669,22.666666666666668
2025-11-05 00:00:31,41,112.07317073170732,4595,0.0255294660242592,17,162.35294117647058,2760,0.0583349396200741,0,8.6,5.0,6.4,8.8,3.2,5.6,0.11,0.036,-1.0,1688.6,20.0,-105.33333333333331,14.133333333333333
2025-11-05 00:00:32,63,109.8095238095238,6918,0.0159648713611421,20,167.55,3351,0.0495383501052856,0,8.0,5.0,7.2,8.8,3.2,3.0,0.138,0.032,-1.0,1396.0,20.0,-108.66666666666669,22.666666666666668
2025-11-05 00:00:33,66,111.16666666666669,7337,0.0150359543887051,25,160.76,4019,0.040374002456665,0,9.0,5.2,5.6,8.2,3.6,6.8,0.076,0.044,-1.0,1705.4,20.0,-108.66666666666669,48.26666666666667
2025-11-05 00:00:34,62,110.5,6851,0.0163112571162562,20,173.6,3472,0.0521111011505126,0,8.0,7.4,6.0,8.4,6.0,5.8,0.104,0.0639999999999999,-1.0,1803.2,20.0,-108.66666666666669,22.666666666666668
2025-11-05 00:00:35,44,110.88636363636364,4879,0.0219217538833618,17,178.7058823529412,3038,0.0579424044665168,0,9.0,5.2,5.6,8.2,3.6,6.8,0.076,0.044,-1.0,1705.4,20.0,-108.66666666666669,48.26666666666667
2025-11-05 00:00:36,40,111.575,4463,0.025859922170639,18,179.5,3231,0.05511917008294,0,7.8,5.4,6.8,7.6,4.0,8.2,0.0839999999999999,0.034,-1.0,1692.2,20.0,-109.0,14.133333333333333
2025-11-05 00:00:37,62,109.80645161290325,6808,0.0161186456680297,18,194.77777777777777,3506,0.054940727021959,0,7.8,7.4,7.2,8.4,6.0,6.0,0.102,0.064,-1.0,1810.2,20.0,-107.0,31.2
2025-11-05 00:00:38,34,115.76470588235294,3936,0.028982029241674,20,183.85,3677,0.0494942426681518,0,7.8,5.4,6.8,7.6,4.0,8.2,0.0839999999999999,0.034,-1.0,1692.2,20.0,-109.0,14.133333333333333
2025-11-05 00:00:39,38,113.47368421052632,4312,0.0259355243883634,20,184.55,3691,0.0517526507377624,0,7.6,5.0,7.0,8.6,3.6,6.0,0.076,0.038,-1.0,1797.2,20.0,-108.0,39.73333333333333
2025-11-05 00:00:40,40,112.625,4505,0.0256567299365997,20,194.5,3890,0.0503372550010681,0,7.8,4.8,8.4,7.8,4.0,9.6,0.082,0.042,-1.0,1078.8,20.0,-107.33333333333331,5.599999999999999
2025-11-05 00:00:41,40,125.9,5036,0.0246455252170562,24,187.7083333333333,4505,0.0413460830847422,0,7.4,4.8,9.2,7.8,4.0,7.8,0.092,0.038,-1.0,792.0,20.0,-106.66666666666669,14.133333333333333
2025-11-05 00:00:42,36,113.61111111111111,4090,0.0279909968376159,19,207.4736842105264,3942,0.0521528344405324,0,7.8,4.8,8.4,7.8,4.0,9.6,0.082,0.042,-1.0,1078.8,20.0,-107.33333333333331,5.599999999999999
2025-11-05 00:00:43,56,114.19642857142856,6395,0.0179992318153381,24,188.5833333333333,4526,0.0412947535514831,0,7.4,5.0,9.2,8.6,3.6,5.4,0.08,0.06,-1.0,2458.2,20.0,-106.33333333333331,39.73333333333333
2025-11-05 00:00:44,39,113.56410256410255,4429,0.0248439250848232,19,190.7894736842105,3625,0.0520003720333701,0,7.6,4.8,9.2,8.0,4.0,7.4,0.0679999999999999,0.024,-1.0,782.0,20.0,-106.33333333333331,22.666666666666668
2025-11-05 00:00:45,23,114.69565217391305,2638,0.0445627855217975,21,182.8095238095238,3839,0.0472399053119477,0,7.0,4.8,9.8,8.4,4.4,6.4,0.0779999999999999,0.024,-1.0,771.2,20.0,-105.66666666666669,5.599999999999999
2025-11-05 00:00:46,33,113.0909090909091,3732,0.0302670290975859,21,177.23809523809524,3722,0.0469411441258021,0,7.6,4.8,9.2,8.0,4.0,7.4,0.0679999999999999,0.024,-1.0,782.0,20.0,-106.33333333333331,22.666666666666668
2025-11-05 00:00:47,37,114.86486486486488,4250,0.0248557039209314,19,212.21052631578948,4032,0.0556967258453369,0,5.8,4.8,11.8,9.0,3.6,4.8,0.096,0.06,-1.0,2617.6,20.0,-106.33333333333331,5.599999999999999
2025-11-05 00:00:48,39,115.5897435897436,4508,0.0279838672051062,22,179.22727272727272,3943,0.0450677329843694,0,6.4,4.6,11.2,8.6,4.6,5.8,0.086,0.022,-1.0,768.8,20.0,-105.66666666666669,31.2
2025-11-05 00:00:49,33,114.27272727272728,3771,0.0302367282636237,18,207.22222222222223,3730,0.0549795495139227,0,6.4,4.8,11.0,8.8,4.4,5.6,0.092,0.062,-1.0,1536.0,20.0,-105.0,-2.9333333333333336
2025-11-05 00:00:50,42,115.14285714285714,4836,0.023811760402861,19,206.6315789473684,3926,0.0521372117494281,0,6.4,4.6,11.2,8.6,4.6,5.8,0.086,0.022,-1.0,768.8,20.0,-105.66666666666669,31.2
2025-11-05 00:00:51,30,113.63333333333334,3409,0.0324172337849934,17,209.58823529411765,3563,0.0582358837127685,0,6.0,4.8,11.6,8.8,4.2,5.2,0.118,0.05,-1.0,1748.4,20.0,-106.0,5.599999999999999
2025-11-05 00:00:52,26,113.8846153846154,2961,0.0381296139497023,17,202.1764705882353,3437,0.0579400623545927,0,7.0,5.0,10.2,8.8,4.2,5.2,0.088,0.0679999999999999,-1.0,1537.0,20.0,-106.0,31.2
2025-11-05 00:00:53,38,115.57894736842104,4392,0.027029978601556,22,182.0909090909091,4006,0.045156641439958,0,7.4,5.4,10.2,8.6,4.2,5.0,0.12,0.0779999999999999,-1.0,2967.6,20.0,-106.33333333333331,5.599999999999999
2025-11-05 00:00:54,33,114.54545454545456,3780,0.0299980568163322,19,211.42105263157896,4017,0.0555723591854697,0,7.0,5.0,10.2,8.8,4.2,5.2,0.088,0.0679999999999999,-1.0,1537.0,20.0,-106.0,31.2
2025-11-05 00:00:55,37,112.29729729729728,4155,0.0275595445890684,17,203.94117647058823,3467,0.0584862933439366,0,7.0,5.0,9.6,8.4,4.0,4.8,0.112,0.024,-1.0,425.8,20.0,-105.66666666666669,-11.466666666666669
2025-11-05 00:00:56,38,112.89473684210526,4290,0.0248500736136185,19,201.6315789473684,3831,0.0526950610311407,0,7.6,5.8,10.2,8.2,3.8,5.2,0.112,0.074,-1.0,3072.4,20.0,-106.33333333333331,5.599999999999999
2025-11-05 00:00:57,35,113.62857142857143,3977,0.0298350061689104,18,223.66666666666663,4026,0.0540861023796929,0,7.8,5.4,8.2,7.8,4.0,5.2,0.098,0.024,-1.0,427.4,20.0,-107.0,22.666666666666668
2025-11-05 00:00:58,41,115.0,4715,0.024098070656381,24,197.54166666666663,4741,0.0431327919165293,0,8.4,5.8,7.2,7.8,4.0,5.4,0.082,0.024,-1.0,441.2,20.0,-106.0,-2.9333333333333336
2025-11-05 00:00:59,31,110.64516129032258,3430,0.0322369683173395,16,218.9375,3503,0.0590479373931884,0,7.8,5.4,8.2,7.8,4.0,5.2,0.098,0.024,-1.0,427.4,20.0,-107.0,22.666666666666668
2025-11-05 00:01:00,22,113.0909090909091,2488,0.0447727225043556,20,209.4,4188,0.0529029011726379,0,8.6,6.6,8.0,7.6,4.0,5.0,0.078,0.0339999999999999,-1.0,1645.2,20.0,-106.33333333333331,22.666666666666668
2025-11-05 00:01:02,62,113.08064516129032,7011,0.0164161266819123,17,205.05882352941177,3486,0.0544102893156163,0,8.0,6.6,8.4,7.4,4.2,5.2,0.07,0.04,-1.0,1636.4,20.0,-107.66666666666669,-2.9333333333333336
2025-11-05 00:01:04,38,112.76315789473684,4285,0.0258688424762926,18,207.16666666666663,3729,0.0550558302137586,0,7.6,6.2,8.2,7.6,4.4,5.4,0.06,0.044,-1.0,214.8,20.0,-106.33333333333331,31.2
2025-11-05 00:01:05,52,113.98076923076924,5927,0.0195249456625718,18,197.44444444444449,3554,0.0548026164372762,0,7.8,6.0,7.6,7.8,4.2,5.6,0.0559999999999999,0.056,-1.0,514.0,20.0,-107.0,22.666666666666668
2025-11-05 00:01:06,36,113.36111111111111,4081,0.0276733040809631,19,202.6315789473684,3850,0.0520386319411428,0,7.6,6.2,8.2,7.6,4.4,5.4,0.06,0.044,-1.0,214.8,20.0,-106.33333333333331,31.2
2025-11-05 00:01:07,19,114.63157894736842,2178,0.0494213606181897,19,206.6315789473684,3926,0.0557881530962492,0,8.0,5.8,8.6,8.6,4.2,5.6,0.074,0.016,-1.0,1657.0,20.0,-107.33333333333331,31.2
2025-11-05 00:01:08,36,114.0,4104,0.0286235279507107,21,181.42857142857144,3810,0.0476936726343064,0,7.4,5.6,8.0,8.6,4.0,4.8,0.078,0.056,-1.0,508.6,20.0,-107.0,22.666666666666668
2025-11-05 00:01:09,27,113.5925925925926,3067,0.0362711924093741,18,203.38888888888889,3661,0.0543531709247165,0,8.0,5.8,8.6,8.6,4.2,5.6,0.074,0.016,-1.0,1657.0,20.0,-107.33333333333331,31.2
2025-11-05 00:01:10,19,111.73684210526316,2123,0.0543216278678492,17,222.2941176470588,3779,0.0582464021794936,0,7.2,5.4,8.4,8.6,4.4,5.0,0.094,0.066,1.4,505.4,20.0,-107.0,48.26666666666666
2025-11-05 00:01:11,20,113.5,2270,0.0484230518341064,18,208.27777777777777,3749,0.0549956162770589,0,7.8,5.4,9.0,9.0,4.0,5.2,0.096,0.024,-1.0,1626.6,20.0,-107.66666666666669,31.2
2025-11-05 00:01:12,24,111.16666666666669,2668,0.0441013276576995,17,213.94117647058823,3637,0.058230764725629,0,7.8,5.6,8.4,9.2,4.2,4.4,0.106,0.024,-1.0,1626.8,20.0,-107.33333333333331,5.599999999999999
2025-11-05 00:01:13,30,115.06666666666666,3452,0.0314367373784383,23,201.95652173913044,4645,0.043093784995701,0,7.8,5.4,9.0,9.0,4.0,5.2,0.096,0.024,-1.0,1626.6,20.0,-107.66666666666669,31.2
2025-11-05 00:01:14,37,126.97297297297295,4698,0.028296406204636,23,210.2608695652174,4836,0.0459928616233493,0,7.0,6.0,7.6,9.0,4.0,4.2,0.134,0.052,1.4,512.8,20.0,-107.66666666666669,48.26666666666667
2025-11-05 00:01:15,37,111.8108108108108,4137,0.0269352165428367,19,215.52631578947367,4095,0.052368214255885,0,7.4,5.6,8.4,9.0,4.2,4.2,0.1379999999999999,0.046,-1.0,1641.6,20.0,-107.33333333333331,22.666666666666668
2025-11-05 00:01:16,48,110.39583333333331,5299,0.0208939562241236,19,234.4736842105264,4455,0.0517190506583765,0,6.8,5.6,8.0,9.0,3.8,4.0,0.126,0.062,-1.0,1630.2,20.0,-107.0,-20.0
2025-11-05 00:01:17,41,113.97560975609755,4673,0.0246267318725585,18,220.77777777777777,3974,0.0568584468629625,0,7.4,5.6,8.4,9.0,4.2,4.2,0.1379999999999999,0.046,-1.0,1641.6,20.0,-107.33333333333331,22.666666666666668
2025-11-05 00:01:18,35,117.14285714285714,4100,0.0280826296125139,20,206.75,4135,0.0477478504180908,0,7.0,6.2,8.0,8.6,4.4,4.6,0.134,0.072,1.4,2083.0,20.0,-107.33333333333331,5.599999999999999
2025-11-05 00:01:19,43,112.74418604651164,4848,0.0232933232950609,18,192.0555555555556,3457,0.0559232764773898,0,7.0,6.0,8.0,8.6,4.4,4.4,0.122,0.058,-1.0,1632.4,20.0,-107.33333333333331,-2.9333333333333336
2025-11-05 00:01:20,40,114.85,4594,0.0251650750637054,19,186.3684210526316,3541,0.0512880024157072,0,7.0,6.2,8.0,8.6,4.4,4.6,0.134,0.072,1.4,2083.0,20.0,-107.33333333333331,5.599999999999999
2025-11-05 00:01:21,38,114.42105263157896,4348,0.0265400535181949,20,184.4,3688,0.0529458999633789,0,7.2,6.0,7.4,8.2,4.4,5.0,0.104,0.084,-1.0,696.2,20.0,-106.66666666666669,14.133333333333333
2025-11-05 00:01:23,23,117.3913043478261,2700,0.0426206485084865,24,186.29166666666663,4471,0.0408335427443186,0,7.2,5.6,8.0,8.6,4.2,5.0,0.09,0.078,-1.0,700.6,20.0,-107.66666666666669,31.2
2025-11-05 00:01:24,44,113.0681818181818,4975,0.0242466818202625,20,186.65,3733,0.0493502020835876,0,7.8,5.4,8.0,8.4,4.0,5.4,0.078,0.09,-1.0,2063.6,20.0,-106.66666666666669,14.133333333333333
2025-11-05 00:01:25,39,114.53846153846152,4467,0.0257130769582895,20,206.4,4128,0.0495329499244689,0,7.4,5.6,7.8,8.8,4.4,5.2,0.056,0.07,-1.0,683.2,20.0,-106.33333333333331,31.2
2025-11-05 00:01:26,52,113.9423076923077,5925,0.0191893440026503,23,199.08695652173915,4579,0.0443448605744735,0,7.8,5.6,8.0,9.0,4.8,5.8,0.0499999999999999,0.062,-1.0,689.0,20.0,-108.0,14.133333333333333
2025-11-05 00:01:27,19,117.42105263157896,2231,0.0523308954740825,19,208.94736842105263,3970,0.0539149485136333,0,7.4,5.6,7.8,8.8,4.4,5.2,0.056,0.07,-1.0,683.2,20.0,-106.33333333333331,31.2
2025-11-05 00:01:28,45,114.37777777777778,5147,0.0222899119059244,20,192.6,3852,0.0499065995216369,0,7.6,5.4,8.2,8.4,3.6,4.6,0.088,0.088,-1.0,858.6,20.0,-107.33333333333331,14.133333333333333
2025-11-05 00:01:29,39,113.02564102564102,4408,0.0256142310607127,18,193.22222222222223,3478,0.0545058912701076,0,7.6,5.4,8.4,8.6,4.4,5.8,0.078,0.062,-1.0,677.8,20.0,-107.0,48.26666666666666
2025-11-05 00:01:30,48,113.58333333333331,5452,0.0203557312488555,19,193.4736842105264,3676,0.0524491636376631,0,7.6,5.4,8.2,8.4,3.6,4.6,0.088,0.088,-1.0,858.6,20.0,-107.33333333333331,14.133333333333333
2025-11-05 00:01:31,32,112.40625,3597,0.0315159037709236,18,192.27777777777777,3461,0.054692268371582,0,7.6,5.4,8.4,8.6,4.4,5.8,0.078,0.062,-1.0,677.8,20.0,-107.0,48.26666666666666
2025-11-05 00:01:34,46,113.30434782608695,5212,0.021304586659307,19,197.31578947368425,3749,0.0525702677275005,0,6.8,5.8,9.4,8.4,3.6,5.0,0.132,0.05,-1.0,866.4,20.0,-108.0,56.79999999999999
2025-11-05 00:01:36,29,113.13793103448276,3281,0.0345189653593918,19,182.94736842105263,3476,0.0531079392684133,0,7.4,5.8,9.6,8.2,3.8,6.2,0.142,0.046,-1.0,140.8,20.0,-107.66666666666669,-2.9333333333333336
2025-11-05 00:01:37,35,112.85714285714286,3950,0.0278373105185372,17,194.52941176470588,3307,0.057647705078125,0,8.0,5.8,9.6,7.6,4.2,6.2,0.19,0.068,-1.0,1774.2,20.0,-107.66666666666669,5.599999999999999
2025-11-05 00:01:38,42,113.73809523809524,4777,0.0238681463968186,20,191.45,3829,0.0490524053573608,0,8.6,6.4,8.8,7.4,4.0,6.2,0.172,0.088,-1.0,1779.2,20.0,-107.66666666666669,56.79999999999999
2025-11-05 00:01:39,37,112.97297297297295,4180,0.0274261590596791,20,221.0,4420,0.0494796514511108,0,8.0,5.8,9.6,7.6,4.2,6.2,0.19,0.068,-1.0,1774.2,20.0,-107.66666666666669,5.599999999999999
2025-11-05 00:01:40,27,113.5925925925926,3067,0.0365041891733805,21,194.6190476190476,4087,0.0502576146806989,0,8.8,6.4,8.8,7.8,4.4,6.0,0.186,0.078,-1.0,154.4,20.0,-107.33333333333331,5.599999999999999
2025-11-05 00:01:42,18,111.88888888888889,2014,0.0583121114306979,18,198.3333333333333,3570,0.0548243390189276,0,9.0,6.8,8.0,7.2,4.6,5.6,0.176,0.072,-1.0,309.6,20.0,-109.33333333333331,14.133333333333333
2025-11-05 00:01:43,25,114.28,2857,0.0402356338500976,19,194.1052631578948,3688,0.0494174204374614,0,8.8,7.2,8.0,6.6,3.8,5.6,0.174,0.104,-1.0,142.4,20.0,-108.66666666666669,56.79999999999999
2025-11-05 00:01:44,29,110.79310344827586,3213,0.0347792444557979,20,216.4,4328,0.0522112965583801,0,9.0,6.8,8.0,7.2,4.6,5.6,0.176,0.072,-1.0,309.6,20.0,-109.33333333333331,14.133333333333333
2025-11-05 00:01:45,17,112.05882352941175,1905,0.0584018230438232,18,214.27777777777777,3857,0.055647333463033,0,8.4,7.2,7.8,6.6,3.6,5.0,0.138,0.096,-1.0,147.2,20.0,-107.33333333333331,-11.466666666666669
2025-11-05 00:01:47,21,137.61904761904762,2890,0.0479732922145298,22,186.54545454545453,4104,0.048150821165605,0,8.4,7.4,8.0,6.4,3.6,4.4,0.15,0.09,-1.0,141.0,20.0,-108.33333333333331,39.73333333333333
2025-11-05 00:01:49,49,113.93877551020408,5583,0.0206885532457001,20,183.75,3675,0.0495555996894836,0,7.4,7.4,7.8,6.6,4.0,3.8,0.1399999999999999,0.0839999999999999,-1.0,139.8,20.0,-108.0,-2.9333333333333336
2025-11-05 00:01:51,55,111.92727272727272,6156,0.0178738550706343,22,201.27272727272728,4428,0.0448982715606689,0,7.0,7.2,7.4,7.0,4.4,4.6,0.104,0.078,-1.0,186.2,20.0,-110.0,22.666666666666668
2025-11-05 00:01:52,56,112.16071428571428,6281,0.0182392299175262,21,176.04761904761904,3697,0.0485771383558,0,7.2,8.2,6.8,8.0,6.4,5.4,0.186,0.0659999999999999,-1.0,333.2,20.0,-109.66666666666669,22.666666666666668
2025-11-05 00:01:53,54,112.4074074074074,6070,0.0186230209138658,22,178.1818181818182,3920,0.0466426394202492,0,7.0,7.2,7.4,7.0,4.4,4.6,0.104,0.078,-1.0,186.2,20.0,-110.0,22.666666666666668
2025-11-05 00:01:54,58,113.15517241379312,6563,0.0171051888630307,19,169.10526315789474,3213,0.0521690469039113,0,7.2,8.2,6.8,8.0,6.4,5.4,0.186,0.0659999999999999,-1.0,333.2,20.0,-109.66666666666669,22.666666666666668
2025-11-05 00:01:55,38,114.23684210526316,4341,0.0260592385342246,20,185.25,3705,0.0501332521438598,0,7.4,8.2,7.0,7.4,6.0,6.6,0.144,0.03,-1.0,377.6,20.0,-108.66666666666669,5.599999999999999
2025-11-05 00:01:57,36,112.02777777777776,4033,0.0281978580686781,19,183.3684210526316,3484,0.0561188898588481,0,7.4,8.2,7.0,7.4,6.0,6.6,0.144,0.03,-1.0,377.6,20.0,-108.66666666666669,5.599999999999999
2025-11-05 00:02:04,39,113.84615384615384,4440,0.0236855653616098,20,184.55,3691,0.0494970917701721,0,8.6,6.8,7.8,6.6,3.8,5.4,0.196,0.054,-1.0,1233.6,20.0,-107.66666666666669,5.599999999999999
2025-11-05 00:02:06,24,111.16666666666669,2668,0.0407553315162658,18,174.05555555555554,3133,0.0518844922383626,0,8.6,6.8,7.8,6.6,3.8,5.4,0.196,0.054,-1.0,1233.6,20.0,-107.66666666666669,5.599999999999999
2025-11-05 00:02:07,45,110.62222222222222,4978,0.022697999742296,21,196.7142857142857,4131,0.0506211462475004,0,8.6,7.2,7.4,6.4,4.0,5.4,0.1659999999999999,0.04,-1.0,187.0,20.0,-109.0,39.73333333333333
2025-11-05 00:02:09,31,110.6774193548387,3431,0.0302054497503465,18,206.27777777777777,3713,0.055237505171034,0,7.8,7.8,7.0,5.6,4.2,5.0,0.1259999999999999,0.01,-1.0,177.6,20.0,-109.33333333333331,31.2
2025-11-05 00:02:11,18,111.88888888888889,2014,0.056286613146464,18,183.88888888888889,3310,0.0551691187752617,0,7.4,8.0,6.6,5.8,4.0,4.4,0.112,0.0,-1.0,174.6,20.0,-109.0,48.26666666666666
2025-11-05 00:02:13,21,112.57142857142856,2364,0.0488036700657435,22,173.63636363636363,3820,0.0480730425227772,0,7.4,8.0,6.6,5.8,4.0,4.4,0.112,0.0,-1.0,174.6,20.0,-109.0,48.26666666666666
2025-11-05 00:02:18,42,118.28571428571428,4968,0.0241806620643252,21,173.23809523809524,3638,0.0450661409468877,0,7.2,6.2,8.4,7.4,3.4,3.0,0.1699999999999999,0.062,-1.0,3744.8,20.0,-111.0,5.599999999999999
2025-11-05 00:02:19,47,111.63829787234044,5247,0.0212436381806718,18,193.66666666666663,3486,0.0564624468485514,0,6.6,6.0,7.8,8.2,4.2,2.6,0.1859999999999999,0.05,-1.0,2294.0,20.0,-106.0,31.2
2025-11-05 00:02:20,41,121.34146341463416,4975,0.0243042213160817,21,191.42857142857144,4020,0.0492050420670282,0,7.2,6.2,8.4,7.4,3.4,3.0,0.1699999999999999,0.062,-1.0,3744.8,20.0,-111.0,5.599999999999999
2025-11-05 00:02:21,46,113.34782608695652,5214,0.0219217849814373,19,226.57894736842104,4305,0.0523174812919215,0,6.6,6.0,7.8,8.2,4.2,2.6,0.1859999999999999,0.05,-1.0,2294.0,20.0,-106.0,31.2
2025-11-05 00:02:22,46,114.78260869565216,5280,0.0211696313775104,19,207.26315789473685,3938,0.053207096300627,0,5.8,5.8,8.4,8.2,3.4,4.8,0.126,0.054,-1.0,296.8,20.0,-113.33333333333331,5.599999999999999
2025-11-05 00:02:23,30,114.0,3420,0.0331204652786254,23,215.5652173913044,4958,0.041917085647583,0,5.2,6.4,7.6,8.2,4.0,4.8,0.12,0.0659999999999999,-1.0,310.6,20.0,-109.0,31.2
2025-11-05 00:02:24,33,111.21212121212122,3670,0.0294808474454012,18,219.5555555555556,3952,0.0550553401311238,0,5.8,5.8,8.4,8.2,3.4,4.8,0.126,0.054,-1.0,296.8,20.0,-113.33333333333331,5.599999999999999
2025-11-05 00:02:25,23,111.2608695652174,2559,0.0447833434395168,18,208.66666666666663,3756,0.0547906690173678,0,5.2,6.4,7.6,8.2,4.0,4.8,0.12,0.0659999999999999,-1.0,310.6,20.0,-109.0,31.2
2025-11-05 00:02:29,53,113.66037735849056,6024,0.0191801134145484,18,236.88888888888889,4264,0.0561130576663547,0,6.0,9.2,8.2,6.0,4.2,4.0,0.158,0.062,-1.0,1195.2,20.0,-109.66666666666669,31.2
2025-11-05 00:02:30,60,114.15,6849,0.0167187015215555,20,221.4,4428,0.0484989523887634,0,7.2,9.6,8.2,5.8,4.2,4.6,0.156,0.042,-1.0,1206.6,20.0,-109.0,-11.466666666666669
2025-11-05 00:02:31,36,114.86111111111111,4135,0.0276700788074069,20,214.75,4295,0.0500867962837219,0,6.0,9.2,8.2,6.0,4.2,4.0,0.158,0.062,-1.0,1195.2,20.0,-109.66666666666669,31.2
2025-11-05 00:02:32,43,113.48837209302326,4880,0.0229265800742215,19,223.31578947368425,4243,0.0530784255579898,0,8.0,9.6,7.8,5.4,4.6,4.4,0.154,0.028,-1.0,178.8,20.0,-107.66666666666669,31.2
2025-11-05 00:02:33,20,113.5,2270,0.049943208694458,17,244.1764705882353,4151,0.0569930637584013,0,8.2,8.6,9.0,5.6,4.4,4.6,0.134,0.018,-1.0,147.0,20.0,-107.66666666666669,31.2
2025-11-05 00:02:34,21,113.47619047619048,2383,0.0481303759983607,24,206.4583333333333,4955,0.0438629984855651,0,8.0,9.6,7.8,5.4,4.6,4.4,0.154,0.028,-1.0,178.8,20.0,-107.66666666666669,31.2
2025-11-05 00:02:35,23,111.2608695652174,2559,0.0431888725446618,18,209.44444444444449,3770,0.0554190476735433,0,8.2,8.6,9.0,5.6,4.4,4.6,0.134,0.018,-1.0,147.0,20.0,-107.66666666666669,31.2
2025-11-05 00:02:42,17,112.05882352941175,1905,0.0601215222302605,18,160.05555555555554,2881,0.0544439421759711,0,8.0,6.4,7.2,6.4,4.2,3.4,0.076,0.044,-1.0,1025.2,20.0,-106.66666666666669,39.73333333333333
2025-11-05 00:02:43,22,115.0,2530,0.0444167744029652,23,149.30434782608697,3434,0.044564039810844,0,9.4,6.6,8.0,6.6,3.4,4.4,0.18,0.0679999999999999,-1.0,2922.6,20.0,-106.33333333333331,31.2
2025-11-05 00:02:44,18,111.88888888888889,2014,0.0579602188534206,17,172.94117647058823,2940,0.0558238309972426,0,8.0,6.4,7.2,6.4,4.2,3.4,0.076,0.044,-1.0,1025.2,20.0,-106.66666666666669,39.73333333333333
2025-11-05 00:02:45,19,114.94736842105264,2184,0.0523368433902138,19,169.26315789473685,3216,0.0527161548012181,0,9.2,6.4,6.2,6.0,3.2,4.2,0.116,0.076,-1.0,2915.0,20.0,-107.33333333333331,5.599999999999999
2025-11-05 00:02:46,42,115.33333333333331,4844,0.0243357136136009,21,185.3333333333333,3892,0.049985476902553,0,8.6,6.6,7.0,6.2,3.2,4.0,0.1339999999999999,0.086,-1.0,2941.6,20.0,-106.33333333333331,39.73333333333333
2025-11-05 00:02:47,51,113.74509803921568,5801,0.0193748661116057,18,191.0555555555556,3439,0.0548656119240654,0,9.2,6.4,6.2,6.0,3.2,4.2,0.116,0.076,-1.0,2915.0,20.0,-107.33333333333331,5.599999999999999
2025-11-05 00:02:48,39,116.1025641025641,4528,0.0259521741133469,22,187.4090909090909,4123,0.0460291775790127,0,8.2,6.4,5.8,5.8,3.4,3.6,0.11,0.03,-1.0,1290.8,20.0,-107.66666666666669,39.73333333333333
2025-11-05 00:02:49,41,113.70731707317071,4662,0.0241108812936922,23,178.2173913043478,4099,0.0435303501460863,0,7.6,6.4,6.2,6.2,3.6,4.6,0.0839999999999999,0.052,-1.0,1303.2,20.0,-105.33333333333331,39.73333333333333
2025-11-05 00:02:50,37,110.4054054054054,4085,0.0265557572648331,19,201.6315789473684,3831,0.050071264568128,0,8.2,6.4,5.8,5.8,3.4,3.6,0.11,0.03,-1.0,1290.8,20.0,-107.66666666666669,39.73333333333333
2025-11-05 00:02:51,30,112.76666666666668,3383,0.0343190670013427,18,188.61111111111111,3395,0.0579321649339464,0,8.2,6.8,6.2,6.4,4.8,4.4,0.086,0.094,-1.0,3018.4,20.0,-106.0,14.133333333333333
2025-11-05 00:02:52,37,113.1891891891892,4188,0.0268280763883848,19,201.31578947368425,3825,0.0511724823399593,0,8.0,7.0,6.8,6.2,5.0,4.4,0.082,0.076,-1.0,3078.2,20.0,-106.33333333333331,39.73333333333333
2025-11-05 00:02:53,49,124.3469387755102,6093,0.0206220247307602,25,172.04,4301,0.0383934783935546,0,8.2,6.8,6.2,6.4,4.8,4.4,0.086,0.094,-1.0,3018.4,20.0,-106.0,14.133333333333333
2025-11-05 00:02:54,48,113.14583333333331,5431,0.0202304124832153,20,202.3,4046,0.0532482504844665,0,7.4,6.6,7.4,6.0,3.8,5.8,0.096,0.08,-1.0,1308.6,20.0,-106.66666666666669,31.2
2025-11-05 00:02:55,45,114.55555555555556,5155,0.0223166677686903,21,181.52380952380952,3812,0.047903333391462,0,7.8,7.0,8.8,6.8,5.0,5.0,0.146,0.052,-1.0,3097.4,20.0,-106.66666666666669,5.599999999999999
2025-11-05 00:02:56,48,113.04166666666669,5426,0.0211518953243891,21,196.95238095238096,4136,0.0459634690057663,0,7.4,6.6,7.4,6.0,3.8,5.8,0.096,0.08,-1.0,1308.6,20.0,-106.66666666666669,31.2
2025-11-05 00:02:57,47,114.23404255319149,5369,0.0212964707232536,20,198.65,3973,0.049319303035736,0,7.8,7.0,8.8,6.8,5.0,5.0,0.146,0.052,-1.0,3097.4,20.0,-106.66666666666669,5.599999999999999
2025-11-05 00:02:59,41,114.26829268292684,4685,0.0244329731638838,19,212.31578947368425,4034,0.0557761066838314,0,7.8,5.8,8.8,7.0,4.2,6.6,0.144,0.05,-1.0,126.0,20.0,-106.33333333333331,22.666666666666668
2025-11-05 00:03:01,22,113.27272727272728,2492,0.04488590630618,21,186.9047619047619,3925,0.0470294838859921,0,7.8,5.8,8.8,7.0,4.2,6.6,0.144,0.05,-1.0,126.0,20.0,-106.33333333333331,22.666666666666668
2025-11-05 00:03:14,23,116.21739130434784,2673,0.0459393003712529,19,192.57894736842104,3659,0.0518920045149953,0,6.2,6.6,11.2,7.2,4.6,6.2,0.098,0.064,-1.0,867.0,20.0,-105.66666666666669,-11.466666666666669
2025-11-05 00:03:16,24,112.91666666666669,2710,0.0426498353481292,19,190.21052631578948,3614,0.052810694042005,0,6.2,6.6,11.2,7.2,4.6,6.2,0.098,0.064,-1.0,867.0,20.0,-105.66666666666669,-11.466666666666669
2025-11-05 00:03:19,41,113.58536585365852,4657,0.024204754247898,21,172.38095238095238,3620,0.0502570016043526,0,6.2,7.6,9.8,6.0,3.6,4.6,0.116,0.0339999999999999,-1.0,2510.8,20.0,-105.0,5.599999999999999
2025-11-05 00:03:21,24,112.91666666666669,2710,0.0418362915515899,20,178.9,3578,0.048768138885498,0,6.2,7.6,9.8,6.0,3.6,4.6,0.116,0.0339999999999999,-1.0,2510.8,20.0,-105.0,5.599999999999999
2025-11-05 00:03:31,60,112.66666666666669,6760,0.0167327682177225,21,194.0,4074,0.046886092140561,0,8.2,6.6,5.8,6.4,4.0,5.2,0.086,0.03,-1.0,2093.6,20.0,-110.0,39.73333333333333
2025-11-05 00:03:32,37,113.94594594594597,4216,0.026803835018261,19,210.68421052631567,4003,0.0556994237397846,0,8.8,6.8,4.6,6.0,3.6,5.0,0.05,0.09,-1.0,408.0,20.0,-109.33333333333331,31.2
2025-11-05 00:03:33,40,116.575,4663,0.0251025795936584,23,202.7391304347826,4663,0.04304926291756,0,8.0,8.0,6.0,5.4,3.8,5.4,0.072,0.064,-1.0,170.4,20.0,-109.0,-11.466666666666669
2025-11-05 00:03:34,22,116.72727272727272,2568,0.0439113161780617,19,198.52631578947367,3772,0.0522304208655106,0,8.8,6.8,4.6,6.0,3.6,5.0,0.05,0.09,-1.0,408.0,20.0,-109.33333333333331,31.2
2025-11-05 00:03:35,20,112.5,2250,0.0490246534347534,18,215.38888888888889,3877,0.05520494778951,0,8.0,8.0,6.0,5.4,3.8,5.4,0.072,0.064,-1.0,170.4,20.0,-109.0,-11.466666666666669
2025-11-05 00:03:37,19,111.73684210526316,2123,0.0528999880740517,18,189.44444444444449,3410,0.0543322165807088,0,6.6,8.0,9.0,5.2,3.8,5.6,0.168,0.038,-1.0,2083.8,20.0,-109.0,31.2
2025-11-05 00:03:39,29,112.24137931034484,3255,0.0349785212812752,23,171.3913043478261,3942,0.0457083971604057,0,6.6,8.0,9.0,5.2,3.8,5.6,0.168,0.038,-1.0,2083.8,20.0,-109.0,31.2
2025-11-05 00:04:05,6,120.5,723,0.1500098705291748,22,166.86363636363637,3671,0.0445003617893565,0,8.0,7.2,8.2,7.6,4.2,3.0,0.136,0.012,-1.0,3777.8,20.0,-105.0,14.133333333333333
2025-11-05 00:04:07,18,111.0,1998,0.0546745061874389,18,207.5,3735,0.0549250576231214,0,8.8,7.4,7.4,7.0,4.4,3.8,0.136,0.022,-1.0,3791.8,20.0,-104.33333333333331,31.2
2025-11-05 00:04:09,21,109.42857142857144,2298,0.0462703818366641,18,201.38888888888889,3625,0.0550094975365532,0,10.2,7.6,5.8,6.4,4.4,4.4,0.056,0.036,-1.0,3808.2,20.0,-106.33333333333331,31.2
2025-11-05 00:04:11,35,114.82857142857142,4019,0.0272174835205078,19,192.4736842105264,3657,0.0523498434769479,0,10.2,7.6,5.8,6.4,4.4,4.4,0.056,0.036,-1.0,3808.2,20.0,-106.33333333333331,31.2
2025-11-05 00:04:15,26,116.76923076923076,3036,0.0420083816234882,19,158.26315789473685,3007,0.0517674119848954,0,10.8,6.4,4.8,7.0,4.2,5.0,0.064,0.038,-1.0,901.0,20.0,-107.0,14.133333333333333
2025-11-05 00:04:17,36,112.30555555555556,4043,0.0279346638255649,19,160.05263157894737,3041,0.0520836303108616,0,11.6,6.4,4.6,7.0,4.6,4.4,0.074,0.04,-1.0,906.4,20.0,-108.33333333333331,14.133333333333333
2025-11-05 00:04:18,27,115.88888888888889,3129,0.0359109331060338,22,151.5909090909091,3335,0.0480499917810613,0,11.8,5.8,5.0,7.6,4.4,4.6,0.092,0.03,-1.0,904.4,20.0,-107.0,22.666666666666668
2025-11-05 00:04:19,32,114.625,3668,0.0317499637603759,22,152.86363636363637,3363,0.0450353730808604,0,11.6,6.4,4.6,7.0,4.6,4.4,0.074,0.04,-1.0,906.4,20.0,-108.33333333333331,14.133333333333333
2025-11-05 00:04:20,37,113.32432432432432,4193,0.0216929203755146,19,175.0,3325,0.051973305250469,0,12.8,5.4,5.2,8.6,3.4,4.0,0.086,0.028,-1.0,2609.2,20.0,-110.0,22.666666666666668
2025-11-05 00:04:21,24,117.58333333333331,2822,0.0501411259174346,19,190.8947368421053,3627,0.0521057906903718,0,13.0,5.6,4.2,8.0,4.4,5.0,0.088,0.036,-1.0,1780.8,20.0,-109.0,14.133333333333333
2025-11-05 00:04:22,36,112.66666666666669,4056,0.0265071656968858,21,212.66666666666663,4466,0.047347000667027,0,12.6,5.6,4.4,7.8,4.4,5.0,0.0819999999999999,0.032,-1.0,1774.0,20.0,-109.33333333333331,5.599999999999999
2025-11-05 00:04:23,30,116.1,3483,0.0348951657613118,25,204.64,5116,0.0394843196868896,0,13.0,5.6,4.2,8.0,4.4,5.0,0.088,0.036,-1.0,1780.8,20.0,-109.0,14.133333333333333
2025-11-05 00:04:24,34,112.23529411764706,3816,0.0293209973503561,20,216.85,4337,0.0494322061538696,0,11.2,5.2,6.0,9.0,3.6,3.4,0.09,0.082,-1.0,2596.0,20.0,-108.33333333333331,31.2
2025-11-05 00:04:25,19,111.6842105263158,2122,0.0513010025024414,19,208.6315789473684,3964,0.0555804654171592,0,12.6,5.6,5.0,8.2,4.4,5.4,0.078,0.028,-1.0,1859.6,20.0,-108.66666666666669,22.666666666666668
2025-11-05 00:04:26,16,112.1875,1795,0.0634243190288543,18,199.27777777777777,3587,0.0553025007247924,0,11.4,5.2,5.4,9.2,4.0,4.2,0.064,0.114,-1.0,2526.4,20.0,-109.33333333333331,5.599999999999999
2025-11-05 00:04:27,16,112.1875,1795,0.0629746168851852,19,193.4736842105264,3676,0.0517696330421849,0,10.4,5.4,5.6,9.2,4.4,5.0,0.06,0.104,-1.0,2512.4,20.0,-107.66666666666669,-11.466666666666669
2025-11-05 00:04:28,22,116.9090909090909,2572,0.0448165481740778,21,181.57142857142856,3813,0.0474232832590738,0,11.4,5.2,5.4,9.2,4.0,4.2,0.064,0.114,-1.0,2526.4,20.0,-109.33333333333331,5.599999999999999
2025-11-05 00:04:29,34,110.52941176470588,3758,0.029289119383868,18,185.38888888888889,3337,0.0549478398429022,0,9.8,5.6,5.4,8.8,4.6,5.2,0.036,0.114,-1.0,1075.4,20.0,-108.66666666666669,-2.9333333333333336
2025-11-05 00:04:31,65,114.0923076923077,7416,0.0155688175788292,21,205.95238095238096,4325,0.0490363325391496,0,10.6,6.0,5.0,8.2,4.2,4.6,0.042,0.012,-1.0,1028.0,20.0,-109.33333333333331,14.133333333333333
2025-11-05 00:04:32,59,118.54237288135592,6994,0.0163534899889412,25,196.48,4912,0.0400638771057128,0,10.2,6.0,6.4,8.6,5.0,6.6,0.052,0.102,-1.0,1093.4,20.0,-109.0,-11.466666666666669
2025-11-05 00:04:33,71,115.84507042253522,8225,0.0144995064802572,24,176.58333333333334,4238,0.0408003330230712,0,12.0,6.8,6.4,8.4,6.4,6.2,0.08,0.024,-1.0,1070.6,20.0,-107.66666666666669,39.73333333333333
2025-11-05 00:04:34,46,112.54347826086956,5177,0.0215864388839058,20,193.35,3867,0.049699056148529,0,12.0,8.8,6.6,8.0,7.8,6.0,0.11,0.0279999999999999,-1.0,219.6,20.0,-108.0,14.133333333333333
2025-11-05 00:04:35,21,111.76190476190476,2347,0.048299993787493,19,181.26315789473685,3444,0.0518537320588764,0,10.0,6.4,7.8,8.0,4.6,7.2,0.082,0.0679999999999999,-1.0,2655.8,20.0,-108.0,-2.9333333333333336
2025-11-05 00:04:36,20,117.45,2349,0.0485430479049682,22,171.4090909090909,3771,0.0455289970744739,0,12.0,8.8,6.6,8.0,7.8,6.0,0.11,0.0279999999999999,-1.0,219.6,20.0,-108.0,14.133333333333333
2025-11-05 00:04:37,19,111.73684210526316,2123,0.0529274187589946,19,184.3684210526316,3503,0.0517051094456722,0,12.6,10.0,7.8,7.6,10.2,7.4,0.11,0.052,-1.0,265.6,20.0,-106.66666666666669,14.133333333333333
2025-11-05 00:04:38,35,115.2,4032,0.0282677718571254,21,176.61904761904762,3709,0.0503643807910737,0,9.4,6.6,8.6,7.6,4.6,6.4,0.076,0.074,-1.0,2667.2,20.0,-107.66666666666669,39.73333333333333
2025-11-05 00:04:39,43,115.7906976744186,4979,0.0237738143566042,18,191.44444444444449,3446,0.054900050163269,0,9.4,7.0,8.2,7.2,4.2,6.6,0.072,0.0759999999999999,-1.0,1704.4,20.0,-108.33333333333331,22.666666666666668
2025-11-05 00:04:40,40,114.675,4587,0.0251815497875213,19,179.21052631578948,3405,0.0521197946448075,0,9.4,6.6,8.6,7.6,4.6,6.4,0.076,0.074,-1.0,2667.2,20.0,-107.66666666666669,39.73333333333333
2025-11-05 00:04:41,61,113.70491803278688,6936,0.0164805240318423,22,185.8636363636364,4089,0.0449521758339621,0,12.0,10.4,7.6,6.4,9.8,8.0,0.086,0.046,-1.0,1876.2,20.0,-107.66666666666669,14.133333333333333
2025-11-05 00:04:42,26,115.0,2990,0.0377547740936279,18,183.44444444444449,3302,0.0550580024719238,0,9.0,7.2,7.8,6.4,4.2,6.0,0.056,0.06,-1.0,1703.6,20.0,-107.66666666666669,31.2
2025-11-05 00:04:43,52,113.6923076923077,5912,0.0187672284933236,19,173.89473684210526,3304,0.0523140555933902,0,10.0,10.0,7.6,6.2,7.6,7.0,0.078,0.0339999999999999,-1.0,1894.4,20.0,-109.0,-2.9333333333333336
2025-11-05 00:04:44,43,113.13953488372093,4865,0.0235177250795586,19,174.31578947368422,3312,0.0532112121582031,0,9.6,8.2,8.0,5.8,5.8,7.0,0.088,0.044,-1.0,1867.0,20.0,-108.66666666666669,48.26666666666667
2025-11-05 00:04:45,27,112.29629629629628,3032,0.0380408498975965,18,190.11111111111111,3422,0.0573103295432196,0,8.4,7.4,6.8,5.8,4.0,5.6,0.03,0.018,-1.0,1110.2,20.0,-107.33333333333331,-2.9333333333333336
2025-11-05 00:04:46,27,109.37037037037037,2953,0.0366351869371202,18,178.83333333333334,3219,0.0552661154005262,0,9.6,8.2,8.0,5.8,5.8,7.0,0.088,0.044,-1.0,1867.0,20.0,-108.66666666666669,48.26666666666667
2025-11-05 00:04:47,30,114.0,3420,0.0336080312728881,19,186.1578947368421,3537,0.0517725191618266,0,8.4,7.2,7.8,6.0,3.2,6.0,0.088,0.02,-1.0,1813.6,20.0,-107.33333333333331,31.2
2025-11-05 00:04:48,16,114.625,1834,0.0592384338378906,20,191.8,3836,0.0495799541473388,0,8.6,7.2,6.4,6.0,4.2,5.8,0.036,0.026,-1.0,1110.2,20.0,-108.0,14.133333333333333
2025-11-05 00:04:49,20,113.5,2270,0.0518417477607727,18,203.22222222222223,3658,0.0550022257698906,0,8.2,7.2,7.8,6.2,3.2,5.6,0.078,0.026,-1.0,1813.0,20.0,-109.33333333333331,14.133333333333333
2025-11-05 00:04:50,33,112.3939393939394,3709,0.0296276410420735,19,205.8947368421053,3912,0.0520755742725573,0,8.0,7.2,9.0,6.2,3.2,5.8,0.096,0.032,-1.0,144.6,20.0,-107.33333333333331,22.666666666666668
2025-11-05 00:04:51,54,113.64814814814817,6137,0.0189750371155915,19,202.42105263157896,3846,0.0518359510522139,0,8.2,7.2,7.8,6.2,3.2,5.6,0.078,0.026,-1.0,1813.0,20.0,-109.33333333333331,14.133333333333333
2025-11-05 00:04:52,35,118.02857142857142,4131,0.0288427421024867,21,189.42857142857144,3978,0.0509823276883079,0,7.4,7.0,8.0,6.2,4.2,5.0,0.0679999999999999,0.046,-1.0,1076.6,20.0,-108.33333333333331,-2.9333333333333336
2025-11-05 00:04:53,27,114.51851851851852,3092,0.0374193279831497,22,178.13636363636363,3919,0.0445550463416359,0,8.0,8.0,8.8,5.8,4.4,6.0,0.0839999999999999,0.066,-1.0,74.8,20.0,-108.0,22.666666666666668
2025-11-05 00:04:54,19,112.84210526315788,2144,0.0496459509197034,18,161.27777777777777,2903,0.0549007256825765,0,7.4,9.2,8.2,6.0,5.4,4.6,0.0579999999999999,0.06,-1.0,1075.2,20.0,-108.33333333333331,14.133333333333333
2025-11-05 00:04:55,23,111.2608695652174,2559,0.045663481173308,20,176.6,3532,0.0495891451835632,0,8.0,8.0,8.8,5.8,4.4,6.0,0.0839999999999999,0.066,-1.0,74.8,20.0,-108.0,22.666666666666668
2025-11-05 00:04:56,28,112.17857142857144,3141,0.0357318179947989,16,193.6875,3099,0.061764508485794,0,7.2,9.6,9.0,5.6,5.4,4.4,0.0679999999999999,0.072,-1.0,92.4,20.0,-108.33333333333331,14.133333333333333
2025-11-05 00:04:57,20,111.55,2231,0.0496136546134948,18,174.83333333333334,3147,0.0550076696607801,0,7.0,8.6,8.4,5.2,4.2,5.0,0.052,0.052,-1.0,102.4,20.0,-108.0,5.599999999999999
2025-11-05 00:04:58,21,115.23809523809524,2420,0.0469139530545189,22,163.13636363636363,3589,0.0482241782275113,0,6.8,8.8,8.8,5.2,4.4,5.0,0.052,0.04,-1.0,104.6,20.0,-107.0,14.133333333333333
2025-11-05 00:04:59,29,110.75862068965516,3212,0.0346162730249865,18,182.3333333333333,3282,0.0549359454049004,0,7.0,8.6,8.4,5.2,4.2,5.0,0.052,0.052,-1.0,102.4,20.0,-108.0,5.599999999999999
2025-11-05 00:05:00,25,111.28,2782,0.0405523586273193,21,173.9047619047619,3652,0.0471422899337041,0,6.8,8.8,8.8,5.2,4.4,5.0,0.052,0.04,-1.0,104.6,20.0,-107.0,14.133333333333333
2025-11-05 00:05:01,29,112.06896551724138,3250,0.0344702457559519,21,177.33333333333334,3724,0.0469052337464832,0,7.0,8.6,8.4,5.6,4.8,4.4,0.0699999999999999,0.044,-1.0,4466.8,20.0,-108.0,14.133333333333333
2025-11-05 00:05:02,30,110.7,3321,0.0333422660827636,18,178.83333333333334,3219,0.0552927255630493,0,7.0,10.2,8.2,5.0,4.8,4.2,0.0199999999999999,0.0419999999999999,-1.0,97.8,20.0,-107.0,14.133333333333333
2025-11-05 00:05:03,37,115.45945945945944,4272,0.026678620158015,19,185.8421052631579,3531,0.052194783562108,0,7.2,8.2,7.8,5.0,3.2,4.0,0.018,0.028,-1.0,96.6,20.0,-107.0,14.133333333333333
2025-11-05 00:05:04,28,113.46428571428572,3177,0.0364920326641627,20,148.5,2970,0.0524635076522827,0,7.0,10.2,8.2,5.0,4.8,4.2,0.0199999999999999,0.0419999999999999,-1.0,97.8,20.0,-107.0,14.133333333333333
2025-11-05 00:05:05,23,142.17391304347825,3270,0.0432179181472114,23,142.1304347826087,3269,0.0429923845374065,0,6.8,7.4,9.6,6.2,3.8,3.8,0.118,0.02,-1.0,6788.8,20.0,-107.66666666666669,31.2
2025-11-05 00:05:06,59,113.69491525423727,6708,0.0166491007400771,19,159.47368421052633,3030,0.0523612624720523,0,7.4,7.4,9.0,5.8,3.0,4.0,0.072,0.022,-1.0,2516.4,20.0,-107.66666666666669,5.599999999999999
2025-11-05 00:05:07,39,113.56410256410255,4429,0.0255240293649526,19,154.3684210526316,2933,0.0525926288805509,0,6.8,7.4,9.6,6.2,3.8,3.8,0.118,0.02,-1.0,6788.8,20.0,-107.66666666666669,31.2
2025-11-05 00:05:08,34,117.17647058823528,3984,0.0289776745964499,21,154.85714285714286,3252,0.0465240024384998,0,8.0,6.6,8.8,6.2,2.8,4.6,0.088,0.04,-1.0,3021.6,20.0,-107.33333333333331,22.666666666666668
2025-11-05 00:05:09,47,113.12765957446808,5317,0.0219398914499485,19,164.94736842105263,3134,0.0544263689141524,0,9.0,6.6,9.8,6.8,3.8,5.0,0.146,0.0419999999999999,-1.0,6779.6,20.0,-106.66666666666669,5.599999999999999
2025-11-05 00:05:10,37,115.94594594594597,4290,0.0267953292743579,19,163.26315789473685,3102,0.0499497338345176,0,8.0,6.6,8.8,6.2,2.8,4.6,0.088,0.04,-1.0,3021.6,20.0,-107.33333333333331,22.666666666666668
2025-11-05 00:05:11,31,113.80645161290325,3528,0.0321085453033447,20,162.35,3247,0.0492979526519775,0,9.4,6.4,9.6,7.0,3.4,5.4,0.13,0.064,-1.0,2423.6,20.0,-108.0,-2.9333333333333336
2025-11-05 00:05:12,22,111.86363636363636,2461,0.0441372719678011,22,161.27272727272728,3548,0.0482460477135398,0,9.6,6.0,8.6,6.8,2.8,5.0,0.134,0.048,-1.0,3033.4,20.0,-109.33333333333331,14.133333333333333
2025-11-05 00:05:13,57,114.17543859649123,6508,0.0183847703431781,22,162.27272727272728,3570,0.0449318669059059,0,10.0,6.4,9.0,6.8,3.4,5.2,0.13,0.084,-1.0,104.8,20.0,-107.0,31.2
2025-11-05 00:05:14,26,112.6153846153846,2928,0.0379893871454092,18,165.44444444444446,2978,0.0550922685199313,0,9.8,6.2,7.0,6.8,3.2,5.4,0.06,0.078,-1.0,96.6,20.0,-108.33333333333331,22.666666666666668
2025-11-05 00:05:15,17,112.0,1904,0.0580046457402846,18,177.55555555555554,3196,0.054957005712721,0,10.0,6.4,9.0,6.8,3.4,5.2,0.13,0.084,-1.0,104.8,20.0,-107.0,31.2
2025-11-05 00:05:16,19,111.6842105263158,2122,0.053456005297209,18,185.0,3330,0.0546820561091105,0,9.8,6.2,7.0,6.8,3.2,5.4,0.06,0.078,-1.0,96.6,20.0,-108.33333333333331,22.666666666666668
2025-11-05 00:05:20,28,113.35714285714286,3174,0.0360331790787833,18,186.22222222222223,3352,0.0564711226357354,0,8.6,6.2,7.2,6.4,3.4,5.0,0.062,0.028,-1.0,118.2,20.0,-107.33333333333331,22.666666666666668
2025-11-05 00:05:21,46,131.45652173913044,6047,0.0209415218104486,23,158.43478260869566,3644,0.0417429053265115,0,7.2,6.2,7.6,6.6,3.6,4.2,0.0339999999999999,0.048,-1.0,68.6,20.0,-107.33333333333331,14.133333333333333
2025-11-05 00:05:22,5,131.8,659,0.2097970008850097,21,156.52380952380952,3287,0.0473079567863827,0,9.2,6.2,7.6,6.8,3.8,5.6,0.038,0.0579999999999999,-1.0,1202.4,20.0,-107.0,-2.9333333333333336
2025-11-05 00:05:23,5,122.6,613,0.1553135871887207,25,144.6,3615,0.0399643230438232,0,7.2,6.2,7.6,6.6,3.6,4.2,0.0339999999999999,0.048,-1.0,68.6,20.0,-107.33333333333331,14.133333333333333
2025-11-05 00:05:24,4,119.0,476,0.3052207827568054,20,167.85,3357,0.0490049481391906,0,8.2,5.8,8.0,7.6,3.8,4.6,0.032,0.0579999999999999,-1.0,1173.6,20.0,-105.66666666666669,14.133333333333333
2025-11-05 00:05:26,4,112.75,451,0.2290667295455932,22,163.8181818181818,3604,0.0449961857362227,0,8.4,5.6,10.2,8.8,3.8,4.6,0.126,0.058,-1.0,1165.2,20.0,-105.33333333333331,-11.466666666666669
2025-11-05 00:05:27,3,119.0,357,0.3049986362457275,21,175.57142857142858,3687,0.0465998536064511,0,5.8,5.2,10.2,10.2,3.4,2.8,0.098,0.034,-1.0,51.6,20.0,-105.33333333333331,22.666666666666668
2025-11-05 00:05:28,6,121.83333333333331,731,0.2030236721038818,23,169.34782608695653,3895,0.0430014755414879,0,5.6,4.8,10.4,11.8,3.8,2.6,0.096,0.038,-1.0,47.0,20.0,-105.0,39.73333333333333
2025-11-05 00:05:29,4,112.25,449,0.2290567755699157,24,160.0,3840,0.0431569218635559,0,5.8,5.2,10.2,10.2,3.4,2.8,0.098,0.034,-1.0,51.6,20.0,-105.33333333333331,22.666666666666668
2025-11-05 00:05:30,3,118.0,354,0.3054250081380208,21,175.9047619047619,3694,0.0452367578233991,0,6.8,4.6,10.4,12.2,3.8,3.0,0.142,0.05,-1.0,1130.8,20.0,-104.33333333333331,-2.9333333333333336
2025-11-05 00:05:32,5,113.4,567,0.2433957576751709,22,164.4090909090909,3617,0.0453001369129527,0,5.0,4.2,10.8,13.0,3.4,1.8,0.194,0.02,-1.0,7488.2,20.0,-108.0,48.26666666666666
2025-11-05 00:05:33,6,117.66666666666669,706,0.1521568695704142,26,155.80769230769232,4051,0.0383627231304462,0,5.8,4.2,9.6,12.8,3.4,1.6,0.2239999999999999,0.02,-1.0,7499.2,20.0,-99.0,5.599999999999999
2025-11-05 00:05:34,3,118.33333333333331,355,0.3051099777221679,21,175.14285714285714,3678,0.0465267158689953,0,5.0,4.2,10.8,13.0,3.4,1.8,0.194,0.02,-1.0,7488.2,20.0,-108.0,48.26666666666666
2025-11-05 00:05:35,5,113.4,567,0.2449545860290527,21,195.42857142857144,4104,0.0470937206631615,0,5.8,4.2,9.6,12.8,3.4,1.6,0.2239999999999999,0.02,-1.0,7499.2,20.0,-99.0,5.599999999999999
2025-11-05 00:05:36,4,127.0,508,0.2270554900169372,24,170.41666666666666,4090,0.0417083700497945,0,6.0,4.8,6.4,12.4,3.6,1.2,0.166,0.05,-1.0,7502.0,20.0,-106.66666666666669,31.2
2025-11-05 00:05:38,6,169.5,1017,0.1516378323237101,23,178.95652173913044,4116,0.0431438736293626,0,5.4,5.6,8.2,11.2,3.8,0.8,0.18,0.094,-1.0,7506.2,20.0,-97.0,5.599999999999999
2025-11-05 00:05:39,4,119.0,476,0.3035750389099121,21,191.3333333333333,4018,0.0470170974731445,0,6.2,5.8,8.6,9.8,3.6,2.0,0.166,0.028,-1.0,111.0,20.0,-108.0,-2.9333333333333336
2025-11-05 00:05:40,3,119.0,357,0.3061903317769368,22,187.95454545454547,4135,0.0450133627111261,0,5.4,5.6,8.2,11.2,3.8,0.8,0.18,0.094,-1.0,7506.2,20.0,-97.0,5.599999999999999
2025-11-05 00:05:41,4,112.5,450,0.2245522141456604,22,190.0,4180,0.0450074997815218,0,6.0,6.6,8.8,9.0,3.6,2.0,0.154,0.014,-1.0,111.4,20.0,-106.66666666666669,5.599999999999999
2025-11-05 00:05:42,4,118.75,475,0.3035445213317871,21,193.3809523809524,4061,0.0473043805076962,0,5.2,7.0,7.2,9.4,4.6,1.0,0.1279999999999999,0.08,-1.0,523.2,20.0,-101.0,-2.9333333333333336
2025-11-05 00:05:43,5,122.6,613,0.1826799869537353,25,194.36,4859,0.0417512035369873,0,4.8,6.6,10.0,9.2,3.6,1.8,0.096,0.014,-1.0,116.6,20.0,-99.33333333333331,14.133333333333333
2025-11-05 00:05:44,14,119.42857142857144,1672,0.0802715676171439,23,164.52173913043478,3784,0.0435302568518597,0,5.0,8.4,9.0,9.2,6.2,2.0,0.052,0.006,-1.0,150.8,20.0,-102.33333333333331,5.599999999999999
2025-11-05 00:05:45,17,114.52941176470588,1947,0.0590818349052877,18,201.0555555555556,3619,0.0550826655493842,0,4.8,6.6,10.0,9.2,3.6,1.8,0.096,0.014,-1.0,116.6,20.0,-99.33333333333331,14.133333333333333
2025-11-05 00:05:46,16,112.1875,1795,0.0618110597133636,18,204.11111111111111,3674,0.0547231170866224,0,4.4,7.4,9.6,9.2,5.0,1.6,0.062,0.05,-1.0,12156.0,20.0,-103.66666666666669,-11.466666666666669
2025-11-05 00:05:47,35,113.51428571428572,3973,0.0292061124529157,22,188.0909090909091,4138,0.045571587302468,0,5.8,8.4,8.2,9.0,6.2,2.6,0.0699999999999999,0.006,-1.0,292.6,20.0,-104.33333333333331,14.133333333333333
2025-11-05 00:05:48,23,115.95652173913044,2667,0.0418671317722486,25,156.52,3913,0.0395931243896484,0,6.8,8.4,7.8,8.8,6.4,2.8,0.076,0.034,-1.0,303.4,20.0,-105.33333333333331,22.666666666666668
2025-11-05 00:05:49,18,111.83333333333331,2013,0.0577622254689534,16,164.0,2624,0.061413750052452,0,5.8,8.4,8.2,9.0,6.2,2.6,0.0699999999999999,0.006,-1.0,292.6,20.0,-104.33333333333331,14.133333333333333
2025-11-05 00:05:50,20,115.75,2315,0.0478989005088806,19,164.26315789473685,3121,0.0520728387330707,0,7.0,8.0,6.0,8.0,4.6,2.6,0.038,0.098,-1.0,12206.6,20.0,-106.0,5.599999999999999
2025-11-05 00:05:51,19,110.89473684210526,2107,0.053759311374865,20,167.55,3351,0.0494016528129577,0,8.2,11.0,6.0,7.4,6.2,3.2,0.09,0.046,-1.0,328.2,20.0,-107.33333333333331,31.2
2025-11-05 00:05:52,29,110.79310344827586,3213,0.0352188965369915,20,164.85,3297,0.0531298995018005,0,7.0,8.0,6.0,8.0,4.6,2.6,0.038,0.098,-1.0,12206.6,20.0,-106.0,5.599999999999999
2025-11-05 00:05:53,39,111.3076923076923,4341,0.0255964597066243,21,162.57142857142858,3414,0.0470681871686662,0,8.8,12.8,4.8,5.6,6.0,3.6,0.102,0.046,-1.0,333.6,20.0,-107.33333333333331,39.73333333333333
2025-11-05 00:05:54,29,114.86206896551724,3331,0.0332902464373358,21,153.04761904761904,3214,0.0471892811003185,0,8.8,10.6,4.0,4.8,4.4,3.4,0.078,0.106,-1.0,11771.8,20.0,-108.33333333333331,5.599999999999999
2025-11-05 00:05:55,32,113.21875,3623,0.0319742187857627,18,173.55555555555554,3124,0.054668280813429,0,8.4,11.0,3.6,4.0,3.8,3.8,0.118,0.128,-1.0,155.2,20.0,-111.0,31.2
2025-11-05 00:05:56,33,114.21212121212122,3769,0.0303776625430945,20,163.2,3264,0.0496996998786926,0,8.8,10.6,4.0,4.8,4.4,3.4,0.078,0.106,-1.0,11771.8,20.0,-108.33333333333331,5.599999999999999
2025-11-05 00:05:57,43,115.11627906976744,4950,0.0233839057212652,20,169.1,3382,0.0493067026138305,0,7.4,12.8,5.4,3.2,3.2,3.2,0.146,0.044,-1.0,174.6,20.0,-109.0,22.666666666666668
2025-11-05 00:05:58,42,113.83333333333331,4781,0.0239004294077555,22,162.6818181818182,3579,0.0480210455981167,0,7.4,11.4,4.8,3.4,3.4,4.0,0.146,0.076,-1.0,152.0,20.0,-111.33333333333331,39.73333333333333
2025-11-05 00:05:59,22,116.0,2552,0.0439611348238858,19,165.6315789473684,3147,0.052284466592889,0,6.2,11.0,5.4,3.4,3.6,4.0,0.12,0.05,-1.0,153.6,20.0,-112.33333333333331,48.26666666666667
2025-11-05 00:06:00,39,112.48717948717947,4387,0.0263961584140092,21,165.0952380952381,3467,0.048097292582194,0,7.4,11.4,4.8,3.4,3.4,4.0,0.146,0.076,-1.0,152.0,20.0,-111.33333333333331,39.73333333333333
2025-11-05 00:06:01,44,113.72727272727272,5004,0.0227511362595991,17,169.88235294117646,2888,0.0568669964285457,0,5.6,10.8,6.6,3.4,3.2,4.2,0.158,0.068,-1.0,193.6,20.0,-111.0,14.133333333333333
2025-11-05 00:06:02,53,110.32075471698111,5847,0.018729713727843,20,171.1,3422,0.0496619462966918,0,5.2,10.0,6.8,3.4,3.4,4.6,0.13,0.0679999999999999,-1.0,180.6,20.0,-110.0,39.73333333333333
2025-11-05 00:06:03,36,113.97222222222224,4103,0.0276614493793911,19,171.78947368421052,3264,0.0520989016482704,0,4.8,11.2,6.8,3.4,3.2,4.2,0.1399999999999999,0.06,-1.0,229.2,20.0,-112.0,31.2
2025-11-05 00:06:04,20,111.55,2231,0.048248541355133,19,175.94736842105263,3343,0.0552825802250912,0,5.2,10.0,6.8,3.4,3.4,4.6,0.13,0.0679999999999999,-1.0,180.6,20.0,-110.0,39.73333333333333
2025-11-05 00:06:05,18,114.22222222222224,2056,0.0549575090408325,20,171.35,3427,0.0499348521232605,0,5.0,11.2,7.4,3.6,3.4,5.0,0.1659999999999999,0.082,-1.0,1002.2,20.0,-111.33333333333331,31.2
2025-11-05 00:06:07,22,113.0909090909091,2488,0.0476090474562211,18,154.16666666666666,2775,0.0541719463136461,0,5.2,11.6,7.0,3.4,3.2,4.6,0.152,0.096,-1.0,959.2,20.0,-111.33333333333331,22.666666666666668
2025-11-05 00:06:08,51,113.33333333333331,5780,0.0191745851554122,16,169.375,2710,0.0616993755102157,0,5.4,12.2,7.2,3.0,3.6,4.6,0.134,0.046,-1.0,422.2,20.0,-111.0,22.666666666666668
2025-11-05 00:06:09,46,115.5,5313,0.0218289986900661,24,167.04166666666666,4009,0.0416744152704874,0,5.4,11.4,7.0,3.4,3.2,4.6,0.1639999999999999,0.082,-1.0,977.0,20.0,-110.66666666666669,56.79999999999999
2025-11-05 00:06:10,42,116.42857142857144,4890,0.0242300487699962,23,170.69565217391303,3926,0.0454805208289105,0,5.8,12.0,7.6,3.0,3.8,5.4,0.168,0.0659999999999999,-1.0,460.6,20.0,-111.33333333333331,14.133333333333333
2025-11-05 00:06:11,72,121.72222222222224,8764,0.0138139592276679,19,171.68421052631578,3262,0.0521807921560187,0,6.0,14.2,7.0,3.0,4.2,5.4,0.192,0.0559999999999999,-1.0,616.6,20.0,-111.0,14.133333333333333
2025-11-05 00:06:12,80,114.1875,9135,0.0126555740833282,22,165.63636363636363,3644,0.0454577749425714,0,6.4,13.8,6.2,3.2,3.2,5.4,0.122,0.062,-1.0,389.0,20.0,-111.0,31.2
2025-11-05 00:06:13,50,167.5,8375,0.0191391229629516,26,150.15384615384616,3904,0.0376284214166494,0,6.0,14.2,7.0,3.0,4.2,5.4,0.192,0.0559999999999999,-1.0,616.6,20.0,-111.0,14.133333333333333
2025-11-05 00:06:14,21,114.42857142857144,2403,0.0495055175962902,23,143.0,3289,0.0432218261387037,0,6.0,14.4,7.0,3.0,4.4,5.8,0.178,0.0559999999999999,-1.0,776.0,20.0,-110.0,5.599999999999999
2025-11-05 00:06:15,20,111.1,2222,0.0455618023872375,24,148.66666666666666,3568,0.0428139567375183,0,6.4,13.4,7.2,3.2,3.4,5.0,0.142,0.048,-1.0,361.6,20.0,-110.66666666666669,39.73333333333333
2025-11-05 00:06:16,20,111.0,2220,0.0541609525680542,21,146.8095238095238,3083,0.0456489948999314,0,5.8,13.8,7.6,3.4,4.0,5.2,0.184,0.048,-1.0,759.2,20.0,-107.33333333333331,22.666666666666668
2025-11-05 00:06:17,18,110.61111111111111,1991,0.0539435015784369,22,142.27272727272728,3130,0.0474889603528109,0,6.4,13.4,7.2,3.2,3.4,5.0,0.142,0.048,-1.0,361.6,20.0,-110.66666666666669,39.73333333333333
2025-11-05 00:06:18,24,113.66666666666669,2728,0.0412263671557108,27,137.44444444444446,3711,0.0370456995787443,0,5.8,13.8,7.6,3.4,4.0,5.2,0.184,0.048,-1.0,759.2,20.0,-107.33333333333331,22.666666666666668
2025-11-05 00:06:20,23,111.17391304347828,2557,0.0460443911345108,23,150.82608695652175,3469,0.0424316033073093,0,5.6,12.2,7.8,4.2,4.2,4.0,0.172,0.054,-1.0,584.0,20.0,-108.33333333333331,31.2
2025-11-05 00:06:21,18,112.88888888888889,2032,0.0521274407704671,25,133.84,3346,0.0396138000488281,0,5.6,10.6,10.6,4.6,3.2,4.0,0.228,0.046,-1.0,211.4,20.0,-108.66666666666669,31.2
2025-11-05 00:06:22,20,112.55,2251,0.0522759437561035,22,142.72727272727272,3140,0.0449107776988636,0,5.6,12.2,7.8,4.2,4.2,4.0,0.172,0.054,-1.0,584.0,20.0,-108.33333333333331,31.2
2025-11-05 00:06:23,21,112.71428571428572,2367,0.0481862000056675,23,146.82608695652175,3377,0.0435762612716011,0,5.6,10.6,10.6,4.6,3.2,4.0,0.228,0.046,-1.0,211.4,20.0,-108.66666666666669,31.2
2025-11-05 00:06:26,35,113.6,3976,0.0280435698372977,26,163.3846153846154,4248,0.0405782736264742,0,6.6,8.2,6.8,4.6,4.0,3.4,0.164,0.108,-1.0,214.0,20.0,-109.0,14.133333333333333
2025-11-05 00:06:27,38,115.60526315789474,4393,0.0268431086289255,21,162.14285714285714,3405,0.0473707062857491,0,7.2,9.4,5.2,4.2,3.8,3.6,0.178,0.104,-1.0,1203.8,20.0,-108.66666666666669,39.73333333333333
2025-11-05 00:06:28,27,112.1851851851852,3029,0.0348351443255389,23,149.2608695652174,3433,0.0442456577135169,0,6.4,9.4,6.8,4.2,3.6,3.8,0.17,0.068,-1.0,533.6,20.0,-111.33333333333331,39.73333333333333
2025-11-05 00:06:29,20,109.75,2195,0.0527327537536621,22,155.36363636363637,3418,0.0444363138892433,0,7.2,9.4,5.2,4.2,3.8,3.6,0.178,0.104,-1.0,1203.8,20.0,-108.66666666666669,39.73333333333333
2025-11-05 00:06:30,18,110.55555555555556,1990,0.0545662773980034,22,164.95454545454547,3629,0.0469381375746293,0,6.4,9.4,6.8,4.2,3.6,3.8,0.17,0.068,-1.0,533.6,20.0,-111.33333333333331,39.73333333333333
2025-11-05 00:06:33,23,114.1304347826087,2625,0.0458207337752632,23,162.7391304347826,3743,0.0425672531127929,0,5.6,9.2,7.8,4.6,3.8,3.6,0.208,0.06,-1.0,2636.8,20.0,-110.66666666666669,39.73333333333333
2025-11-05 00:06:34,21,114.9047619047619,2413,0.0473867711566743,23,151.2173913043478,3478,0.0429873984792958,0,5.0,9.4,8.2,4.8,3.8,3.2,0.21,0.032,-1.0,2628.2,20.0,-111.66666666666669,5.599999999999999
2025-11-05 00:06:35,19,112.78947368421052,2143,0.0513763176767449,22,153.6818181818182,3381,0.0451082749800248,0,5.6,9.2,7.8,4.6,3.8,3.6,0.208,0.06,-1.0,2636.8,20.0,-110.66666666666669,39.73333333333333
2025-11-05 00:06:36,18,110.66666666666669,1992,0.0554940435621473,23,152.8695652173913,3516,0.0430593905241593,0,5.2,9.2,6.4,5.0,3.2,2.8,0.186,0.05,-1.0,1157.2,20.0,-112.66666666666669,-2.9333333333333336
2025-11-05 00:06:37,18,110.66666666666669,1992,0.0540479554070366,22,160.8181818181818,3538,0.0479902679269964,0,4.6,8.2,7.6,5.4,3.8,3.0,0.176,0.06,-1.0,2623.6,20.0,-112.33333333333331,14.133333333333333
2025-11-05 00:06:38,52,114.48076923076924,5953,0.0201743657772357,23,158.47826086956522,3645,0.0428787003392758,0,5.2,9.2,6.4,5.0,3.2,2.8,0.186,0.05,-1.0,1157.2,20.0,-112.66666666666669,-2.9333333333333336
2025-11-05 00:06:39,60,112.85,6771,0.0167044321695963,20,199.3,3986,0.049577248096466,0,4.6,8.2,7.6,5.4,3.8,3.0,0.176,0.06,-1.0,2623.6,20.0,-112.33333333333331,14.133333333333333
2025-11-05 00:06:40,61,110.8032786885246,6759,0.0160187385121329,20,172.25,3445,0.0495007991790771,0,4.4,8.4,6.4,5.2,3.6,3.4,0.1639999999999999,0.08,-1.0,1387.6,20.0,-112.33333333333331,14.133333333333333
2025-11-05 00:06:42,72,112.76388888888889,8119,0.0138647920555538,18,169.16666666666666,3045,0.0551896095275878,0,4.4,8.4,6.4,5.2,3.6,3.4,0.1639999999999999,0.08,-1.0,1387.6,20.0,-112.33333333333331,14.133333333333333
2025-11-05 00:06:48,56,113.625,6363,0.017630819763456,22,179.4090909090909,3947,0.0449668710882013,0,6.0,15.8,7.6,3.4,4.8,6.8,0.1659999999999999,0.106,-1.0,1932.6,20.0,-111.0,31.2
2025-11-05 00:06:50,69,112.4927536231884,7762,0.0142332056294316,21,180.3333333333333,3787,0.0500812303452264,0,6.8,15.6,8.0,3.4,4.6,6.6,0.148,0.094,-1.0,1344.6,20.0,-108.33333333333331,14.133333333333333
2025-11-05 00:06:51,62,112.01612903225806,6945,0.016225722528273,18,178.44444444444446,3212,0.0552384985817803,0,6.8,18.8,8.6,3.2,7.8,6.8,0.21,0.056,-1.0,2090.4,20.0,-112.0,14.133333333333333
2025-11-05 00:06:52,52,114.6153846153846,5960,0.0195119426800654,19,183.57894736842104,3488,0.0521063177209151,0,6.8,15.6,8.0,3.4,4.6,6.6,0.148,0.094,-1.0,1344.6,20.0,-108.33333333333331,14.133333333333333
2025-11-05 00:06:53,67,113.05970149253731,7575,0.0147910616291103,20,152.35,3047,0.0493029475212097,0,7.0,18.4,8.6,3.0,7.0,6.6,0.212,0.062,-1.0,1944.2,20.0,-111.0,14.133333333333333
2025-11-05 00:06:54,68,114.1029411764706,7759,0.014724850654602,16,232.5625,3721,0.0621899366378784,0,7.6,16.0,7.0,3.4,7.0,6.8,0.1599999999999999,0.1,-1.0,1895.4,20.0,-110.66666666666669,14.133333333333333
2025-11-05 00:06:55,45,112.11111111111111,5045,0.0220224486456977,20,190.2,3804,0.0495547533035278,0,7.0,18.4,8.6,3.0,7.0,6.6,0.212,0.062,-1.0,1944.2,20.0,-111.0,14.133333333333333
2025-11-05 00:06:56,63,113.65079365079364,7160,0.0159641258300296,19,194.73684210526315,3700,0.0520094821327611,0,7.8,17.0,6.2,3.6,5.4,6.0,0.1079999999999999,0.02,-1.0,3693.2,20.0,-111.66666666666669,31.2
2025-11-05 00:06:57,76,112.94736842105264,8584,0.0132020398190147,19,200.42105263157896,3808,0.0555081994909989,0,7.4,16.4,6.8,3.8,5.6,6.2,0.112,0.016,-1.0,3611.6,20.0,-110.66666666666669,31.2
2025-11-05 00:06:58,52,110.82692307692308,5763,0.018272211918464,21,174.1904761904762,3658,0.0474608625684465,0,7.8,17.0,6.2,3.6,5.4,6.0,0.1079999999999999,0.02,-1.0,3693.2,20.0,-111.66666666666669,31.2
2025-11-05 00:06:59,58,114.74137931034484,6655,0.0180110150370104,23,162.17391304347825,3730,0.0431555665057638,0,7.4,16.4,6.8,3.8,5.6,6.2,0.112,0.016,-1.0,3611.6,20.0,-110.66666666666669,31.2
2025-11-05 00:07:00,59,115.1186440677966,6792,0.0171188136278572,18,187.5555555555556,3376,0.0542827712164984,0,7.2,15.8,7.0,4.2,5.8,6.8,0.13,0.044,-1.0,3589.6,20.0,-111.0,31.2
2025-11-05 00:07:01,56,114.07142857142856,6388,0.0178564488887786,19,180.05263157894737,3421,0.0521393198716013,0,6.6,10.8,8.4,4.2,3.2,6.4,0.152,0.05,-1.0,3556.4,20.0,-111.0,22.666666666666668
2025-11-05 00:07:02,52,112.6346153846154,5857,0.018868285876054,22,192.5,4235,0.0463509993119673,0,6.6,11.6,7.2,4.8,4.6,6.8,0.128,0.088,-1.0,527.2,20.0,-111.0,39.73333333333333
2025-11-05 00:07:03,48,114.04166666666669,5474,0.0210419793923695,19,220.52631578947367,4190,0.053925263254266,0,6.6,10.8,8.4,4.2,3.2,6.4,0.152,0.05,-1.0,3556.4,20.0,-111.0,22.666666666666668
2025-11-05 00:07:04,41,112.58536585365852,4616,0.0238433930932021,21,201.95238095238096,4241,0.0475190934680757,0,6.4,11.6,8.8,4.4,3.6,6.8,0.132,0.05,-1.0,1990.4,20.0,-111.0,31.2
2025-11-05 00:07:05,26,115.15384615384616,2994,0.0374473425058218,19,191.26315789473685,3634,0.0519477944625051,0,6.2,10.4,8.2,5.0,4.6,6.8,0.118,0.06,-1.0,365.6,20.0,-111.0,22.666666666666668
2025-11-05 00:07:06,35,112.42857142857144,3935,0.0298845427376883,19,184.21052631578948,3500,0.0520523096385755,0,6.6,10.0,9.2,4.8,3.4,6.2,0.13,0.05,-1.0,1938.0,20.0,-110.33333333333331,39.73333333333333
2025-11-05 00:07:07,41,112.09756097560977,4596,0.0239510245439482,18,201.3333333333333,3624,0.0550020535786946,0,6.0,10.4,9.2,5.0,3.6,5.0,0.124,0.05,-1.0,1957.2,20.0,-110.66666666666669,39.73333333333333
2025-11-05 00:07:08,43,111.72093023255816,4804,0.0238125102464542,21,201.47619047619048,4231,0.0473260993049258,0,6.6,10.0,9.2,4.8,3.4,6.2,0.13,0.05,-1.0,1938.0,20.0,-110.33333333333331,39.73333333333333
2025-11-05 00:07:09,28,116.75,3269,0.0343906453677586,18,190.66666666666663,3432,0.0550585587819417,0,5.6,10.2,8.0,5.0,4.2,5.2,0.118,0.0819999999999999,-1.0,1393.2,20.0,-110.66666666666669,48.26666666666667
2025-11-05 00:07:10,22,113.27272727272728,2492,0.0470437244935469,21,184.3809523809524,3872,0.0499512354532877,0,5.6,11.0,8.8,4.6,3.6,4.0,0.126,0.016,-1.0,2576.6,20.0,-111.0,31.2
2025-11-05 00:07:11,36,110.44444444444444,3976,0.0264507267210218,21,198.7619047619048,4174,0.0471947647276378,0,5.4,10.0,8.2,4.8,4.4,5.0,0.132,0.0639999999999999,-1.0,1292.6,20.0,-110.66666666666669,39.73333333333333
2025-11-05 00:07:12,32,110.625,3540,0.0326174646615982,19,175.21052631578948,3329,0.0521047366292853,0,5.4,9.2,8.0,4.8,4.0,4.4,0.116,0.064,-1.0,1271.4,20.0,-110.66666666666669,48.26666666666667
2025-11-05 00:07:13,26,111.3076923076923,2894,0.0382973505900456,22,167.6818181818182,3689,0.0449580929496071,0,5.4,10.0,8.2,4.8,4.4,5.0,0.132,0.0639999999999999,-1.0,1292.6,20.0,-110.66666666666669,39.73333333333333
2025-11-05 00:07:14,33,111.72727272727272,3687,0.0303596366535533,19,176.10526315789474,3346,0.0522305714456658,0,5.2,10.2,8.4,4.6,4.2,3.4,0.1119999999999999,0.032,-1.0,2503.2,20.0,-110.66666666666669,48.26666666666667
2025-11-05 00:07:15,25,114.12,2853,0.0402265548706054,18,177.44444444444446,3194,0.0571508937411838,0,5.2,9.6,8.4,4.8,4.2,3.4,0.12,0.04,-1.0,2451.8,20.0,-110.33333333333331,14.133333333333333
2025-11-05 00:07:16,65,111.5846153846154,7253,0.0153286933898925,19,188.3684210526316,3579,0.0500596824445222,0,5.2,10.2,8.4,4.6,4.2,3.4,0.1119999999999999,0.032,-1.0,2503.2,20.0,-110.66666666666669,48.26666666666667
2025-11-05 00:07:17,59,133.22033898305085,7860,0.016960406707505,24,171.125,4107,0.0439253747463226,0,6.0,8.2,8.2,4.8,3.4,5.0,0.118,0.06,-1.0,1246.2,20.0,-110.33333333333331,48.26666666666666
2025-11-05 00:07:18,17,115.0,1955,0.0561407594119801,24,159.375,3825,0.0413909157117207,0,6.2,9.2,8.8,4.8,4.4,4.6,0.15,0.042,-1.0,2451.6,20.0,-110.66666666666669,39.73333333333333
2025-11-05 00:07:19,4,127.0,508,0.2266847491264343,22,150.27272727272728,3306,0.0450099056417291,0,6.4,7.8,8.0,5.0,3.2,4.6,0.1379999999999999,0.082,-1.0,1310.2,20.0,-111.33333333333331,22.666666666666668
2025-11-05 00:07:20,3,119.0,357,0.3044427235921224,21,148.0952380952381,3110,0.0469059149424235,0,8.0,7.4,8.6,5.2,3.0,5.2,0.1219999999999999,0.064,-1.0,1323.6,20.0,-108.66666666666669,14.133333333333333
2025-11-05 00:07:21,4,119.0,476,0.3060649633407593,21,144.23809523809524,3029,0.0472577072325206,0,6.6,8.0,8.6,5.8,4.0,4.0,0.136,0.02,-1.0,1785.4,20.0,-108.66666666666669,22.666666666666668
2025-11-05 00:07:22,4,112.75,451,0.2267012596130371,24,143.04166666666666,3433,0.0424823760986328,0,8.0,7.4,8.6,5.2,3.0,5.2,0.1219999999999999,0.064,-1.0,1323.6,20.0,-108.66666666666669,14.133333333333333
2025-11-05 00:07:23,8,124.25,994,0.119348257780075,26,168.07692307692307,4370,0.0396071947537935,0,7.4,7.0,9.8,6.0,3.2,4.6,0.146,0.08,-1.0,1315.4,20.0,-111.66666666666669,22.666666666666668
2025-11-05 00:07:24,7,137.28571428571428,961,0.1221928596496582,23,177.47826086956522,4082,0.042786691499793,0,6.8,7.4,8.8,6.6,3.4,3.4,0.194,0.076,-1.0,116.2,20.0,-108.66666666666669,31.2
2025-11-05 00:07:25,6,129.66666666666666,778,0.2027621666590372,23,170.1304347826087,3913,0.0432716970858366,0,7.8,7.0,9.6,6.8,3.6,4.0,0.188,0.098,-1.0,3460.0,20.0,-109.33333333333331,31.2
2025-11-05 00:07:26,5,131.8,659,0.1828451633453369,25,156.28,3907,0.039632396697998,0,7.4,7.6,8.8,6.6,3.6,2.6,0.184,0.118,-1.0,3433.8,20.0,-112.0,-11.466666666666669
2025-11-05 00:07:27,7,121.0,847,0.1567583084106445,20,160.5,3210,0.0492002606391906,0,6.2,9.2,6.8,6.2,3.4,1.8,0.16,0.074,-1.0,64.8,20.0,-111.66666666666669,22.666666666666668
2025-11-05 00:07:28,7,122.57142857142856,858,0.130685704095023,27,138.88888888888889,3750,0.0367331416518599,0,7.4,7.6,8.8,6.6,3.6,2.6,0.184,0.118,-1.0,3433.8,20.0,-112.0,-11.466666666666669
2025-11-05 00:07:29,3,119.0,357,0.3074913024902344,22,148.54545454545453,3268,0.0479177778417413,0,7.0,9.0,8.8,6.0,3.6,2.6,0.154,0.094,-1.0,2229.8,20.0,-107.33333333333331,48.26666666666667
2025-11-05 00:07:30,4,119.0,476,0.3043345212936401,20,168.25,3365,0.0497041463851928,0,5.6,9.6,7.2,6.0,3.4,1.6,0.152,0.074,-1.0,2541.6,20.0,-109.0,39.73333333333333
2025-11-05 00:07:31,4,112.75,451,0.2270675301551818,22,161.5909090909091,3555,0.044846773147583,0,6.0,9.4,7.6,5.8,3.6,1.8,0.1699999999999999,0.094,-1.0,2207.4,20.0,-109.66666666666669,-11.466666666666669
2025-11-05 00:07:32,4,112.75,451,0.2261632084846496,24,144.91666666666666,3478,0.0413952966531117,0,6.2,10.0,5.6,5.4,3.4,1.8,0.142,0.0679999999999999,-1.0,2207.2,20.0,-110.0,48.26666666666666
2025-11-05 00:07:33,5,122.6,613,0.2022712230682373,23,158.7391304347826,3651,0.0430490348650061,0,6.2,10.4,5.6,5.0,4.0,1.8,0.112,0.066,-1.0,2537.8,20.0,-110.0,22.666666666666668
2025-11-05 00:07:34,8,144.375,1155,0.1389144957065582,26,158.80769230769232,4129,0.0380544662475585,0,6.2,10.0,5.6,5.4,3.4,1.8,0.142,0.0679999999999999,-1.0,2207.2,20.0,-110.0,48.26666666666666
2025-11-05 00:07:35,9,156.55555555555554,1409,0.1179045571221245,27,164.4814814814815,4441,0.0369268523322211,0,5.6,10.6,5.2,4.6,3.0,1.8,0.09,0.062,-1.0,2783.8,20.0,-109.66666666666669,5.599999999999999
2025-11-05 00:07:36,4,127.25,509,0.1909177303314209,29,155.51724137931035,4510,0.0361837929692761,0,5.4,10.6,6.0,4.6,3.6,1.6,0.19,0.052,-1.0,3357.2,20.0,-112.0,5.599999999999999
2025-11-05 00:07:37,7,139.0,973,0.1739381381443568,24,180.66666666666663,4336,0.0412110388278961,0,5.6,10.6,5.2,4.6,3.0,1.8,0.09,0.062,-1.0,2783.8,20.0,-109.66666666666669,5.599999999999999
2025-11-05 00:07:38,6,127.33333333333331,764,0.1718560059865315,23,153.17391304347825,3523,0.0436497356580651,0,5.2,9.6,6.4,5.0,4.0,1.8,0.2,0.066,-1.0,3404.6,20.0,-110.33333333333331,22.666666666666668
2025-11-05 00:07:39,4,127.0,508,0.1980737447738647,23,147.82608695652175,3400,0.0424336972443953,0,5.0,11.6,6.2,4.6,4.0,2.0,0.218,0.066,-1.0,2763.8,20.0,-111.33333333333331,-2.9333333333333336
2025-11-05 00:07:40,7,132.71428571428572,929,0.1730822835649763,24,154.45833333333334,3707,0.0412569244702657,0,5.2,9.6,6.4,5.0,4.0,1.8,0.2,0.066,-1.0,3404.6,20.0,-110.33333333333331,22.666666666666668
2025-11-05 00:07:41,5,120.4,602,0.1818871974945068,25,141.92,3548,0.0401953983306884,0,4.2,15.0,5.4,3.8,4.8,2.2,0.188,0.0659999999999999,-1.0,2855.4,20.0,-112.33333333333331,39.73333333333333
2025-11-05 00:07:42,4,127.0,508,0.2270957827568054,24,167.83333333333334,4028,0.0405856668949127,0,4.2,14.6,6.8,3.6,3.6,2.6,0.2159999999999999,0.066,-1.0,2757.6,20.0,-112.0,31.2
2025-11-05 00:07:43,7,130.71428571428572,915,0.1527021271841866,25,157.88,3947,0.0422371196746826,0,3.6,16.8,8.0,3.0,4.0,2.4,0.292,0.03,-1.0,2775.6,20.0,-111.33333333333331,-11.466666666666669
2025-11-05 00:07:44,6,120.16666666666669,721,0.1782441933949788,26,166.3846153846154,4326,0.0383259241397564,0,4.2,14.6,6.8,3.6,3.6,2.6,0.2159999999999999,0.066,-1.0,2757.6,20.0,-112.0,31.2
2025-11-05 00:07:45,11,114.63636363636364,1261,0.0927163470875133,22,163.0909090909091,3588,0.0446849953044544,0,3.8,18.4,6.4,2.8,5.0,2.4,0.212,0.054,-1.0,2342.8,20.0,-111.66666666666669,39.73333333333333
2025-11-05 00:07:46,27,113.03703703703704,3052,0.0369214481777615,19,189.73684210526315,3605,0.0521852593672902,0,3.8,16.6,8.6,3.2,4.0,2.6,0.212,0.03,-1.0,2042.8,20.0,-111.66666666666669,31.2
2025-11-05 00:07:47,19,113.94736842105264,2165,0.0521334221488551,20,179.25,3585,0.0494064569473266,0,4.2,16.8,6.6,3.2,4.0,2.2,0.18,0.036,-1.0,2304.4,20.0,-113.0,-11.466666666666669
2025-11-05 00:07:48,20,113.5,2270,0.0519214987754821,20,170.2,3404,0.0495531439781189,0,4.4,16.0,7.8,3.6,4.0,2.6,0.206,0.016,-1.0,1989.2,20.0,-112.0,-2.9333333333333336
2025-11-05 00:07:49,17,112.05882352941175,1905,0.0576334139880012,18,173.33333333333334,3120,0.0549859470791286,0,4.6,13.2,8.6,4.6,3.8,2.8,0.166,0.016,-1.0,659.6,20.0,-110.66666666666669,14.133333333333333
2025-11-05 00:07:50,31,131.48387096774192,4076,0.0309053851712134,22,180.5,3971,0.0480277321555397,0,4.4,16.0,7.8,3.6,4.0,2.6,0.206,0.016,-1.0,1989.2,20.0,-112.0,-2.9333333333333336
2025-11-05 00:07:51,21,113.47619047619048,2383,0.0495175293513706,18,195.94444444444449,3527,0.0557561582989162,0,5.2,11.2,7.8,5.0,3.4,3.4,0.092,0.038,-1.0,2288.4,20.0,-112.0,22.666666666666668
2025-11-05 00:07:52,21,111.47619047619048,2341,0.0479786623091924,20,180.9,3618,0.0490782976150512,0,4.8,9.6,8.8,6.0,4.2,2.6,0.14,0.02,1.2,671.2,20.0,-109.33333333333331,5.599999999999999
2025-11-05 00:07:53,30,112.63333333333334,3379,0.032288901011149,21,174.47619047619048,3664,0.0485465753646124,0,5.2,7.0,8.4,7.0,3.8,3.0,0.074,0.01,1.2,670.6,20.0,-108.66666666666669,14.133333333333333
2025-11-05 00:07:54,31,113.2258064516129,3510,0.0335729968163274,17,205.58823529411765,3495,0.0561574066386503,0,7.4,6.2,9.0,7.0,3.8,4.6,0.098,0.0579999999999999,-1.0,1628.2,20.0,-108.33333333333331,5.599999999999999
2025-11-05 00:07:55,35,112.51428571428572,3938,0.0286303452083042,18,208.27777777777777,3749,0.0552335050370958,0,5.2,7.0,8.4,7.0,3.8,3.0,0.074,0.01,1.2,670.6,20.0,-108.66666666666669,14.133333333333333
2025-11-05 00:07:56,50,114.1,5705,0.0184058618545532,19,184.57894736842104,3507,0.0519271022395083,0,7.6,6.2,7.4,7.2,4.2,3.6,0.0819999999999999,0.026,1.2,597.0,20.0,-109.33333333333331,-11.466666666666669
2025-11-05 00:07:57,35,116.48571428571428,4077,0.0307243687765938,20,185.45,3709,0.0529177546501159,0,10.6,6.0,7.4,7.0,3.6,5.0,0.0679999999999999,0.0639999999999999,-1.0,1634.0,20.0,-107.33333333333331,14.133333333333333
2025-11-05 00:07:58,44,113.9090909090909,5012,0.0222510207783092,22,178.27272727272728,3922,0.0448198210109363,0,7.6,6.2,7.4,7.2,4.2,3.6,0.0819999999999999,0.026,1.2,597.0,20.0,-109.33333333333331,-11.466666666666669
2025-11-05 00:07:59,39,111.3076923076923,4341,0.0261294352702605,19,195.42105263157896,3713,0.0520611562226948,0,14.0,6.0,6.6,7.4,3.8,5.4,0.09,0.052,-1.0,1652.6,20.0,-108.33333333333331,5.599999999999999
2025-11-05 00:08:00,32,113.625,3636,0.0303013175725936,18,203.0555555555556,3655,0.0555522706773546,0,16.0,6.0,5.2,7.4,3.8,4.8,0.0839999999999999,0.038,-1.0,1765.8,20.0,-107.0,22.666666666666668
2025-11-05 00:08:01,44,113.79545454545456,5007,0.0235477035695856,20,196.85,3937,0.0494801521301269,0,14.0,6.0,6.6,7.4,3.8,5.4,0.09,0.052,-1.0,1652.6,20.0,-108.33333333333331,5.599999999999999
2025-11-05 00:08:02,44,114.8181818181818,5052,0.0220633203333074,21,179.04761904761904,3760,0.0466854799361456,0,15.0,5.8,4.8,6.8,3.8,5.4,0.072,0.022,-1.0,1478.0,20.0,-106.0,-11.466666666666669
2025-11-05 00:08:03,44,113.36363636363636,4988,0.0230764042247425,22,178.3181818181818,3923,0.0480032725767655,0,18.8,6.6,3.6,7.6,5.0,5.6,0.06,0.028,-1.0,1789.2,20.0,-107.33333333333331,14.133333333333333
2025-11-05 00:08:04,37,115.32432432432432,4267,0.026951248581345,20,175.95,3519,0.0500159978866577,0,16.8,6.2,4.2,6.6,4.6,6.2,0.07,0.032,-1.0,1481.8,20.0,-107.66666666666669,14.133333333333333
2025-11-05 00:08:05,45,113.15555555555557,5092,0.0207289536794026,19,192.7894736842105,3663,0.0517141568033318,0,17.2,6.0,4.2,7.2,4.6,6.6,0.0659999999999999,0.016,-1.0,2750.4,20.0,-106.33333333333331,31.2
2025-11-05 00:08:06,37,115.64864864864865,4279,0.0292390552726951,20,194.55,3891,0.0498376965522766,0,16.8,6.2,4.2,6.6,4.6,6.2,0.07,0.032,-1.0,1481.8,20.0,-107.66666666666669,14.133333333333333
2025-11-05 00:08:07,47,114.12765957446808,5364,0.0204325077381539,20,198.5,3970,0.0492691040039062,0,18.2,6.6,4.0,8.6,4.8,5.4,0.104,0.044,-1.0,256.6,20.0,-106.33333333333331,-2.9333333333333336
2025-11-05 00:08:08,45,114.24444444444444,5141,0.022650580936008,22,181.54545454545453,3994,0.0459334091706709,0,16.6,6.0,4.4,8.0,5.0,6.6,0.05,0.03,-1.0,2749.4,20.0,-107.0,22.666666666666668
2025-11-05 00:08:09,30,110.73333333333332,3322,0.0334175666173299,19,194.1052631578948,3688,0.0541779994964599,0,18.2,6.6,4.0,8.6,4.8,5.4,0.104,0.044,-1.0,256.6,20.0,-106.33333333333331,-2.9333333333333336
2025-11-05 00:08:10,27,110.37037037037037,2980,0.0365581865663881,19,172.73684210526315,3282,0.0524299521195261,0,14.4,5.8,5.0,8.0,4.6,6.0,0.0559999999999999,0.064,-1.0,2663.8,20.0,-106.66666666666669,39.73333333333333
2025-11-05 00:08:11,21,115.04761904761904,2416,0.0484381857372465,20,183.3,3666,0.0493387937545776,0,14.6,6.4,6.0,9.2,4.8,5.6,0.11,0.062,-1.0,2086.4,20.0,-107.0,22.666666666666668
2025-11-05 00:08:12,31,111.90322580645162,3469,0.0327266416242045,17,195.64705882352945,3326,0.058297830469468,0,12.4,5.8,6.0,9.0,3.4,5.0,0.104,0.1,-1.0,2075.2,20.0,-106.33333333333331,22.666666666666668
2025-11-05 00:08:13,38,114.84210526315788,4364,0.0263901635220176,22,177.0909090909091,3896,0.0451805374839089,0,14.6,6.4,6.0,9.2,4.8,5.6,0.11,0.062,-1.0,2086.4,20.0,-107.0,22.666666666666668
2025-11-05 00:08:14,22,108.77272727272728,2393,0.0439778566360473,19,177.73684210526315,3377,0.0526877955386513,0,13.6,5.6,5.8,8.0,4.4,5.8,0.08,0.058,-1.0,2647.4,20.0,-106.33333333333331,48.26666666666667
2025-11-05 00:08:15,51,112.98039215686276,5762,0.0201657052133597,25,198.96,4974,0.0388696765899658,0,10.2,6.0,7.0,8.4,3.2,4.4,0.082,0.088,-1.0,2429.4,20.0,-106.66666666666669,39.73333333333333
2025-11-05 00:08:16,30,110.73333333333332,3322,0.032418402036031,20,227.05,4541,0.0529187083244323,0,13.6,5.6,5.8,8.0,4.4,5.8,0.08,0.058,-1.0,2647.4,20.0,-106.33333333333331,48.26666666666667
2025-11-05 00:08:17,28,110.85714285714286,3104,0.0365551795278276,18,223.16666666666663,4017,0.055048492219713,0,10.0,6.0,7.2,8.2,3.6,4.8,0.072,0.068,-1.0,2431.6,20.0,-106.33333333333331,5.599999999999999
2025-11-05 00:08:18,26,114.07692307692308,2966,0.0386956930160522,22,190.5909090909091,4193,0.0447794524106112,0,11.8,5.6,7.4,8.2,4.4,5.8,0.122,0.068,-1.0,4482.6,20.0,-106.33333333333331,39.73333333333333
2025-11-05 00:08:19,53,110.33962264150944,5848,0.0186643960340967,19,221.8947368421053,4216,0.0523996353149414,0,10.6,5.8,6.6,7.6,3.8,5.0,0.08,0.078,-1.0,2100.4,20.0,-106.66666666666669,14.133333333333333
2025-11-05 00:08:20,36,113.77777777777776,4096,0.027017249001397,19,220.3684210526316,4187,0.052012845089561,0,11.8,5.6,7.4,8.2,4.4,5.8,0.122,0.068,-1.0,4482.6,20.0,-106.33333333333331,39.73333333333333
2025-11-05 00:08:21,48,111.39583333333331,5347,0.0210476666688919,20,207.4,4148,0.0498302936553955,0,10.2,6.0,6.8,7.6,4.2,5.8,0.096,0.086,-1.0,506.4,20.0,-107.66666666666669,5.599999999999999
2025-11-05 00:08:23,39,127.02564102564102,4954,0.0247542063395182,24,175.83333333333334,4220,0.0439144174257914,0,12.2,6.0,7.8,7.6,4.4,6.0,0.158,0.052,-1.0,514.4,20.0,-106.66666666666669,22.666666666666668
2025-11-05 00:08:24,32,110.625,3540,0.032617375254631,18,203.22222222222223,3658,0.0522240532769097,0,13.0,5.6,7.4,8.4,4.8,7.6,0.148,0.06,-1.0,3237.8,20.0,-107.0,39.73333333333333
2025-11-05 00:08:25,27,112.48148148148148,3037,0.036671550185592,20,192.25,3845,0.0522494435310363,0,13.8,5.4,6.6,8.0,4.4,6.8,0.142,0.0659999999999999,-1.0,227.8,20.0,-107.0,31.2
2025-11-05 00:08:26,9,120.55555555555556,1085,0.1027780108981662,21,171.57142857142858,3603,0.0471900531223842,0,15.0,5.4,6.8,8.4,4.4,5.4,0.2,0.086,-1.0,143.4,20.0,-107.0,14.133333333333333
2025-11-05 00:08:27,22,113.95454545454544,2507,0.0496391383084383,20,204.35,4087,0.049390697479248,0,13.8,5.4,6.6,8.0,4.4,6.8,0.142,0.0659999999999999,-1.0,227.8,20.0,-107.0,31.2
2025-11-05 00:08:28,52,113.6153846153846,5908,0.0188677677741417,23,187.0,4301,0.0433504788771919,0,14.4,5.8,6.6,7.8,4.2,6.4,0.152,0.074,-1.0,221.4,20.0,-107.0,-2.9333333333333336
2025-11-05 00:08:29,42,110.5952380952381,4645,0.0243575232369559,20,180.55,3611,0.0492067575454711,0,15.6,5.6,7.2,8.6,4.4,5.4,0.2279999999999999,0.068,-1.0,172.4,20.0,-106.66666666666669,56.79999999999999
2025-11-05 00:08:30,41,111.70731707317071,4580,0.0243065880566108,24,210.125,5043,0.0440567036469777,0,14.6,5.6,5.8,8.4,4.2,5.0,0.132,0.06,-1.0,236.0,20.0,-107.33333333333331,22.666666666666668
2025-11-05 00:08:31,50,111.24,5562,0.0197509384155273,18,245.27777777777777,4415,0.0559821658664279,0,16.4,5.6,7.0,8.6,4.0,5.2,0.25,0.056,-1.0,1483.6,20.0,-106.66666666666669,31.2
2025-11-05 00:08:32,33,111.3030303030303,3673,0.03083721074191,18,224.88888888888889,4048,0.0538908375634087,0,15.4,5.8,5.8,8.6,4.0,4.8,0.2179999999999999,0.058,-1.0,1470.4,20.0,-107.0,48.26666666666667
2025-11-05 00:08:33,22,113.0909090909091,2488,0.0451888712969693,21,223.47619047619048,4693,0.0469641344887869,0,16.4,5.6,7.0,8.6,4.0,5.2,0.25,0.056,-1.0,1483.6,20.0,-106.66666666666669,31.2
2025-11-05 00:08:34,24,114.66666666666669,2752,0.0400672455628713,19,212.05263157894737,4029,0.0521821097323769,0,13.6,6.6,4.6,7.8,4.4,4.4,0.088,0.104,-1.0,3141.2,20.0,-107.33333333333331,31.2
2025-11-05 00:08:35,19,111.73684210526316,2123,0.0548702164700156,18,206.11111111111111,3710,0.0559497806760999,0,14.2,6.0,5.4,8.4,4.2,4.4,0.192,0.064,-1.0,1463.2,20.0,-107.0,14.133333333333333
2025-11-05 00:08:36,30,111.7,3351,0.0334054311116536,21,204.3809523809524,4292,0.0495776675996326,0,13.0,7.0,4.6,7.8,4.6,4.2,0.102,0.11,-1.0,6672.2,20.0,-107.0,5.599999999999999
2025-11-05 00:08:37,30,110.73333333333332,3322,0.0321953614552815,17,206.23529411764707,3506,0.0579962870653937,0,13.0,6.8,4.6,7.6,4.8,4.4,0.1139999999999999,0.1,-1.0,6671.2,20.0,-107.0,14.133333333333333
2025-11-05 00:08:38,8,121.5,972,0.1165002584457397,25,174.36,4359,0.0397206020355224,0,13.0,7.0,4.6,7.8,4.6,4.2,0.102,0.11,-1.0,6672.2,20.0,-107.0,5.599999999999999
2025-11-05 00:08:39,13,117.76923076923076,1531,0.0831370720496544,22,185.77272727272728,4087,0.0450014092705466,0,11.8,6.6,5.6,7.6,4.0,4.2,0.196,0.076,-1.0,1429.2,20.0,-107.66666666666669,5.599999999999999
2025-11-05 00:08:40,31,112.03225806451611,3473,0.0329404569441272,19,187.26315789473685,3558,0.0522076832620721,0,13.8,7.4,4.6,7.8,4.6,3.8,0.146,0.088,-1.0,6667.4,20.0,-107.0,39.73333333333333
2025-11-05 00:08:41,47,110.1063829787234,5175,0.0209063621277504,18,192.66666666666663,3468,0.054743833012051,0,11.8,6.6,5.6,7.6,4.0,4.2,0.196,0.076,-1.0,1429.2,20.0,-107.66666666666669,5.599999999999999
2025-11-05 00:08:42,23,112.43478260869566,2586,0.044083253197048,21,200.9047619047619,4219,0.0502361456553141,0,14.2,7.2,4.6,7.2,4.2,3.8,0.148,0.082,-1.0,6623.8,20.0,-107.33333333333331,39.73333333333333
2025-11-05 00:08:43,44,111.9090909090909,4924,0.0218084779652682,18,217.5,3915,0.0549842251671685,0,13.0,7.0,4.8,7.0,4.2,3.6,0.162,0.092,-1.0,2494.2,20.0,-107.66666666666669,-11.466666666666669
2025-11-05 00:08:44,26,116.84615384615384,3038,0.0384644636741051,19,205.42105263157896,3903,0.052368678544697,0,15.0,7.2,4.6,6.8,4.0,4.0,0.16,0.0679999999999999,-1.0,3739.0,20.0,-107.66666666666669,14.133333333333333
2025-11-05 00:08:45,29,112.24137931034484,3255,0.0358214460570236,21,190.8095238095238,4007,0.0470982846759614,0,13.0,7.0,4.8,7.0,4.2,3.6,0.162,0.092,-1.0,2494.2,20.0,-107.66666666666669,-11.466666666666669
2025-11-05 00:08:46,34,112.17647058823528,3814,0.0295482944039737,19,200.05263157894737,3801,0.0521026285071122,0,14.8,7.4,5.0,6.4,4.2,4.8,0.146,0.056,-1.0,110.8,20.0,-106.66666666666669,14.133333333333333
2025-11-05 00:08:47,38,114.39473684210526,4347,0.0259944514224403,18,225.5555555555556,4060,0.0552897850672403,0,13.6,7.0,4.4,7.0,5.0,3.8,0.154,0.06,-1.0,2513.2,20.0,-106.66666666666669,5.599999999999999
2025-11-05 00:08:48,55,114.38181818181818,6291,0.0184233795512806,22,208.1818181818182,4580,0.0465358170596036,0,14.6,7.8,5.0,6.4,3.8,4.6,0.154,0.054,-1.0,142.6,20.0,-107.0,-2.9333333333333336
2025-11-05 00:08:49,46,147.95652173913044,6806,0.0214838256006655,31,176.83870967741936,5482,0.0326539393394224,0,14.4,7.0,4.6,6.4,5.0,5.2,0.1139999999999999,0.046,-1.0,3795.6,20.0,-107.0,31.2
2025-11-05 00:08:50,8,118.25,946,0.1199278831481933,19,209.21052631578948,3975,0.0521284153586939,0,13.4,7.2,4.6,6.8,4.8,4.6,0.098,0.048,-1.0,1371.0,20.0,-107.0,39.73333333333333
2025-11-05 00:08:51,5,125.0,625,0.2043231964111328,23,162.8695652173913,3746,0.0431863017704175,0,14.0,9.0,4.4,6.8,6.6,5.6,0.142,0.04,-1.0,1852.4,20.0,-106.0,-11.466666666666669
2025-11-05 00:08:52,4,127.0,508,0.2289394736289978,24,178.91666666666666,4294,0.04152246316274,0,12.0,6.8,5.8,7.6,5.0,4.4,0.1299999999999999,0.032,-1.0,1355.6,20.0,-106.0,31.2
2025-11-05 00:08:53,7,114.42857142857144,801,0.1472504479544503,25,182.12,4553,0.0411468791961669,0,12.0,8.6,5.2,7.8,6.8,5.0,0.152,0.04,-1.0,1832.6,20.0,-104.33333333333331,39.73333333333333
2025-11-05 00:08:54,3,119.0,357,0.2663246790568034,21,164.42857142857142,3453,0.0448378608340308,0,10.2,6.4,6.8,8.6,4.4,4.0,0.132,0.028,-1.0,1331.8,20.0,-104.33333333333331,22.666666666666668
2025-11-05 00:08:55,4,119.0,476,0.3082159757614136,21,164.42857142857142,3453,0.0473015648978097,0,12.0,8.6,5.2,7.8,6.8,5.0,0.152,0.04,-1.0,1832.6,20.0,-104.33333333333331,39.73333333333333
2025-11-05 00:08:56,5,181.2,906,0.1848452091217041,25,167.52,4188,0.0397947978973388,0,10.8,8.0,5.8,9.0,6.8,4.2,0.166,0.034,-1.0,1820.2,20.0,-103.66666666666669,-11.466666666666669
2025-11-05 00:08:57,6,106.5,639,0.1681041717529297,25,163.96,4099,0.042364158630371,0,8.8,6.0,7.4,9.6,4.0,4.0,0.16,0.05,-1.0,2284.6,20.0,-103.66666666666669,5.599999999999999
2025-11-05 00:08:58,5,122.6,613,0.1971231937408447,23,158.08695652173913,3636,0.0426527831865393,0,9.2,7.2,6.2,10.2,7.0,3.8,0.162,0.038,-1.0,1777.4,20.0,-102.0,31.2
2025-11-05 00:08:59,11,163.0909090909091,1794,0.0932297273115678,30,204.9333333333333,6148,0.0331387996673584,0,7.4,5.4,8.0,11.0,3.8,2.8,0.182,0.088,-1.0,995.8,20.0,-104.33333333333331,22.666666666666668
2025-11-05 00:09:00,5,125.4,627,0.214985990524292,22,168.95454545454547,3717,0.0448672337965531,0,8.6,5.8,5.4,10.6,4.6,2.2,0.254,0.056,-1.0,1747.0,20.0,-104.66666666666669,14.133333333333333
2025-11-05 00:09:01,4,127.0,508,0.2308157682418823,22,171.6818181818182,3777,0.0450146848505193,0,7.4,5.2,7.6,11.2,3.6,2.6,0.19,0.088,-1.0,995.2,20.0,-104.0,22.666666666666668
2025-11-05 00:09:02,7,150.42857142857142,1053,0.1320014340536935,30,173.16666666666666,5195,0.0352477629979451,0,8.0,5.8,5.6,10.6,5.0,2.4,0.2259999999999999,0.048,-1.0,733.2,20.0,-104.33333333333331,-11.466666666666669
2025-11-05 00:09:03,6,127.33333333333331,764,0.1836569706598917,24,172.625,4143,0.0414579212665557,0,6.8,5.2,7.2,11.2,3.4,2.8,0.128,0.088,-1.0,1000.2,20.0,-104.0,22.666666666666668
2025-11-05 00:09:04,5,125.4,627,0.2115571975708007,22,164.5,3619,0.04545935717496,0,7.2,5.4,6.4,10.8,3.6,2.6,0.112,0.094,-1.0,1000.6,20.0,-105.0,14.133333333333333
2025-11-05 00:09:05,3,119.0,357,0.3078296979268392,21,168.0,3528,0.0462354251316615,0,7.6,6.2,5.8,9.8,4.6,2.2,0.216,0.054,-1.0,734.2,20.0,-102.66666666666669,14.133333333333333
2025-11-05 00:09:06,3,119.0,357,0.3084993362426758,23,160.30434782608697,3687,0.0436502228612485,0,7.2,5.4,6.4,10.8,3.6,2.6,0.112,0.094,-1.0,1000.6,20.0,-105.0,14.133333333333333
2025-11-05 00:09:07,4,112.75,451,0.2307894825935363,21,168.95238095238096,3548,0.0472739083426339,0,7.4,6.0,6.4,9.6,3.6,2.4,0.098,0.076,-1.0,92.0,20.0,-103.0,14.133333333333333
2025-11-05 00:09:08,15,116.6,1749,0.0820940653483073,28,186.2142857142857,5214,0.0356884598731994,1,7.8,7.0,6.4,9.0,4.4,2.0,0.218,0.078,-1.0,734.6,20.0,-107.0,-11.466666666666669
2025-11-05 00:09:09,5,120.4,602,0.2003408432006836,25,199.16,4979,0.0412883567810058,0,8.0,6.6,5.6,8.6,4.4,2.6,0.146,0.062,-1.0,110.2,20.0,-107.33333333333331,-2.9333333333333336
2025-11-05 00:09:10,4,112.5,450,0.2117889523506164,22,191.8636363636364,4221,0.0425464565103704,0,8.0,7.2,7.6,8.6,4.2,3.0,0.152,0.0579999999999999,-1.0,721.0,20.0,-105.0,22.666666666666668
2025-11-05 00:09:11,6,135.0,810,0.1542503436406453,25,186.92,4673,0.0419148445129394,0,7.6,7.0,5.8,8.4,5.0,2.8,0.184,0.0839999999999999,-1.0,108.6,20.0,-105.33333333333331,-2.9333333333333336
2025-11-05 00:09:12,4,119.0,476,0.3077639937400818,23,210.17391304347825,4834,0.0432483942612357,0,8.2,7.4,6.6,8.0,5.4,3.4,0.244,0.09,-1.0,103.0,20.0,-108.66666666666669,-11.466666666666669
2025-11-05 00:09:13,6,117.83333333333331,707,0.1540376742680867,24,189.79166666666663,4555,0.0409794946511586,0,9.0,7.6,7.2,8.4,4.6,3.8,0.18,0.102,-1.0,69.0,20.0,-107.0,-11.466666666666669
2025-11-05 00:09:14,4,112.75,451,0.2667502760887146,24,203.4583333333333,4883,0.0423329969247182,0,8.2,7.4,6.6,8.0,5.4,3.4,0.244,0.09,-1.0,103.0,20.0,-108.66666666666669,-11.466666666666669
2025-11-05 00:09:15,5,109.0,545,0.1565127849578857,23,244.6086956521739,5626,0.0417636166448178,0,7.6,7.6,6.8,8.0,5.4,3.0,0.24,0.084,-1.0,107.8,20.0,-105.33333333333331,5.599999999999999
2025-11-05 00:09:16,4,119.0,476,0.3086559772491455,22,249.4090909090909,5487,0.0485225374048406,0,9.4,7.6,6.6,9.0,4.8,4.2,0.128,0.09,-1.0,354.6,20.0,-104.0,14.133333333333333
2025-11-05 00:09:17,5,178.2,891,0.2011874198913574,24,236.4583333333333,5675,0.0415520469347635,0,7.2,7.6,6.4,8.6,6.0,2.6,0.26,0.106,-1.0,3306.0,20.0,-108.0,5.599999999999999
2025-11-05 00:09:18,7,117.85714285714286,825,0.1287054334368024,27,169.59259259259258,4579,0.0360152986314561,0,9.0,7.8,5.6,9.0,5.4,4.4,0.176,0.08,-1.0,473.6,20.0,-106.33333333333331,-2.9333333333333336
2025-11-05 00:09:19,3,119.0,357,0.2888372739156087,22,193.45454545454547,4256,0.0450947718186812,0,6.4,8.0,7.2,8.4,5.4,2.2,0.238,0.11,-1.0,7165.8,20.0,-107.33333333333331,-11.466666666666669
2025-11-05 00:09:20,6,129.66666666666666,778,0.2056166728337606,23,185.95652173913044,4277,0.0437291290449059,0,5.6,8.0,8.0,8.0,5.0,2.0,0.262,0.086,-1.0,7167.2,20.0,-105.66666666666669,14.133333333333333
2025-11-05 00:09:21,3,119.0,357,0.3072273731231689,21,176.71428571428572,3711,0.0461654776618594,0,6.4,8.0,7.2,8.4,5.4,2.2,0.238,0.11,-1.0,7165.8,20.0,-107.33333333333331,-11.466666666666669
2025-11-05 00:09:22,3,119.0,357,0.3081936836242676,24,177.95833333333334,4271,0.0439777076244354,0,7.0,8.2,5.0,8.8,5.2,2.6,0.2259999999999999,0.044,-1.0,455.4,20.0,-108.0,5.599999999999999
2025-11-05 00:09:23,13,116.6923076923077,1517,0.0832122289217435,20,197.95,3959,0.0466690421104431,0,4.6,7.6,7.2,8.4,4.8,1.0,0.2739999999999999,0.086,-1.0,7397.6,20.0,-107.33333333333331,-20.0
2025-11-05 00:09:24,16,114.8125,1837,0.0623178035020828,21,213.0,4473,0.0501891999017624,0,6.0,8.0,5.2,8.6,4.8,2.2,0.2299999999999999,0.0699999999999999,-1.0,455.0,20.0,-110.33333333333331,-11.466666666666669
2025-11-05 00:09:25,20,114.3,2286,0.0523251056671142,23,202.7826086956522,4664,0.0443575174912162,0,5.4,7.8,6.4,7.4,4.6,2.2,0.25,0.074,-1.0,172.8,20.0,-107.66666666666669,5.599999999999999
2025-11-05 00:09:26,31,112.03225806451611,3473,0.0329768350047449,20,214.65,4293,0.0498103976249694,0,6.0,8.0,5.2,8.6,4.8,2.2,0.2299999999999999,0.0699999999999999,-1.0,455.0,20.0,-110.33333333333331,-11.466666666666669
2025-11-05 00:09:27,19,113.15789473684212,2150,0.0530707459700734,18,260.5,4689,0.053266167640686,0,4.8,8.6,8.6,6.4,4.4,2.2,0.2799999999999999,0.1,-1.0,5300.2,20.0,-108.0,22.666666666666668
2025-11-05 00:09:28,26,114.15384615384616,2968,0.0383926905118502,24,217.875,5229,0.0423679153124491,0,5.4,9.8,6.4,6.0,4.2,2.4,0.174,0.048,-1.0,59.6,20.0,-112.33333333333331,-20.0
2025-11-05 00:09:29,16,143.9375,2303,0.0577166825532913,22,202.27272727272728,4450,0.046545462174849,0,5.0,10.8,7.6,5.4,4.0,2.4,0.1659999999999999,0.044,-1.0,75.6,20.0,-109.0,48.26666666666667
2025-11-05 00:09:30,17,112.05882352941175,1905,0.0607697683222153,18,192.44444444444449,3464,0.0554384920332166,0,5.4,9.8,6.4,6.0,4.2,2.4,0.174,0.048,-1.0,59.6,20.0,-112.33333333333331,-20.0
2025-11-05 00:09:31,14,115.71428571428572,1620,0.0686029195785522,19,196.8421052631579,3740,0.0519217440956517,0,5.0,11.2,9.4,5.0,4.6,3.0,0.228,0.07,-1.0,1452.2,20.0,-110.0,5.599999999999999
2025-11-05 00:09:33,19,115.94736842105264,2203,0.0532488948420474,21,171.23809523809524,3596,0.0491797696976434,0,5.4,12.0,8.4,4.0,4.6,3.4,0.178,0.09,-1.0,1271.6,20.0,-112.0,5.599999999999999
2025-11-05 00:09:34,16,114.875,1838,0.062726616859436,19,169.47368421052633,3220,0.049691262998079,0,5.6,11.8,5.6,4.0,4.4,3.2,0.1399999999999999,0.096,-1.0,1285.6,20.0,-111.0,5.599999999999999
2025-11-05 00:09:35,22,116.04545454545456,2553,0.0470760518854314,19,191.26315789473685,3634,0.0555190412621749,0,5.4,12.0,8.4,4.0,4.6,3.4,0.178,0.09,-1.0,1271.6,20.0,-112.0,5.599999999999999
2025-11-05 00:09:36,42,123.92857142857144,5205,0.0237698554992675,29,193.17241379310343,5602,0.03435755598134,0,6.0,14.0,7.8,3.8,4.4,2.6,0.2779999999999999,0.046,-1.0,1797.8,20.0,-111.33333333333331,31.2
2025-11-05 00:09:37,43,114.55813953488372,4926,0.0229059540948202,18,196.61111111111111,3539,0.0546461608674791,0,5.8,13.8,7.4,4.0,4.6,2.8,0.288,0.046,-1.0,1852.6,20.0,-110.0,5.599999999999999
2025-11-05 00:09:38,48,162.125,7782,0.0210534582535425,22,179.9090909090909,3958,0.0458929538726806,0,6.0,14.0,7.8,3.8,4.4,2.6,0.2779999999999999,0.046,-1.0,1797.8,20.0,-111.33333333333331,31.2
2025-11-05 00:09:39,36,113.75,4095,0.0279518630769517,17,202.76470588235293,3447,0.0570783054127412,0,5.0,12.4,5.2,4.2,4.0,3.0,0.178,0.06,-1.0,785.8,20.0,-110.66666666666669,22.666666666666668
2025-11-05 00:09:40,39,113.56410256410255,4429,0.024957870825743,20,182.85,3657,0.0494749903678894,0,5.0,12.8,4.2,4.2,4.6,3.6,0.144,0.052,-1.0,831.2,20.0,-112.66666666666669,22.666666666666668
2025-11-05 00:09:41,35,114.22857142857144,3998,0.0285881723676409,18,196.22222222222223,3532,0.054973456594679,0,5.0,12.4,5.2,4.2,4.0,3.0,0.178,0.06,-1.0,785.8,20.0,-110.66666666666669,22.666666666666668
2025-11-05 00:09:42,31,115.74193548387096,3588,0.0320427725392003,20,188.0,3760,0.0530061483383178,0,4.8,13.2,6.2,4.0,5.2,3.4,0.2779999999999999,0.028,-1.0,312.2,20.0,-112.0,5.599999999999999
2025-11-05 00:09:43,31,117.06451612903226,3629,0.0334016430762506,19,207.26315789473685,3938,0.0522117363779168,0,4.8,12.8,5.4,4.4,4.2,3.8,0.152,0.044,-1.0,1553.2,20.0,-111.66666666666669,31.2
2025-11-05 00:09:44,38,114.05263157894736,4334,0.0263190771404065,19,189.3684210526316,3598,0.0483469461139879,0,4.8,13.4,5.6,3.8,5.4,3.4,0.2479999999999999,0.0339999999999999,-1.0,307.6,20.0,-112.0,31.2
2025-11-05 00:09:45,20,115.35,2307,0.0488593578338623,23,186.3913043478261,4287,0.0459285197050675,0,4.8,12.8,5.4,4.4,4.2,3.8,0.152,0.044,-1.0,1553.2,20.0,-111.66666666666669,31.2
2025-11-05 00:09:46,18,111.88888888888889,2014,0.0526487165027194,18,199.61111111111111,3593,0.0568753348456488,0,4.8,12.4,7.0,3.8,4.6,3.6,0.214,0.048,-1.0,266.2,20.0,-112.0,14.133333333333333
2025-11-05 00:09:47,16,112.25,1796,0.0653636306524276,17,207.0,3519,0.0564137627096737,0,4.4,12.8,8.0,4.2,4.6,4.2,0.176,0.036,-1.0,1069.2,20.0,-111.33333333333331,31.2
2025-11-05 00:09:48,15,115.0,1725,0.0669127941131591,20,187.2,3744,0.0515097498893737,0,4.8,12.4,7.0,3.8,4.6,3.6,0.214,0.048,-1.0,266.2,20.0,-112.0,14.133333333333333
2025-11-05 00:09:49,33,111.72727272727272,3687,0.0308769110477331,22,200.77272727272728,4417,0.0460293618115511,0,5.0,11.4,7.8,4.4,4.4,4.0,0.1619999999999999,0.03,-1.0,909.8,20.0,-112.66666666666669,5.599999999999999
2025-11-05 00:09:50,22,117.22727272727272,2579,0.0445526838302612,19,215.4736842105264,4094,0.0520618965751246,0,5.6,11.2,7.6,4.6,4.0,3.8,0.174,0.064,-1.0,138.6,20.0,-112.33333333333331,-2.9333333333333336
2025-11-05 00:09:51,28,143.92857142857142,4030,0.0358661072594778,19,199.1578947368421,3784,0.0523178953873483,0,5.2,11.6,7.6,4.4,3.8,3.6,0.1379999999999999,0.036,-1.0,866.2,20.0,-111.33333333333331,14.133333333333333
2025-11-05 00:09:52,13,195.84615384615384,2546,0.0642806933476374,27,149.44444444444446,4035,0.0368259306307192,0,5.4,12.2,7.6,4.4,3.8,3.8,0.152,0.064,-1.0,204.8,20.0,-112.0,22.666666666666668
2025-11-05 00:09:53,8,126.125,1009,0.1478501260280609,24,178.25,4278,0.042916456858317,0,5.4,12.4,8.4,4.8,4.0,3.8,0.174,0.0559999999999999,-1.0,188.2,20.0,-113.33333333333331,-2.9333333333333336
2025-11-05 00:09:54,4,119.0,476,0.2406647205352783,22,164.86363636363637,3627,0.0428176359696821,0,5.4,12.2,7.6,4.4,3.8,3.8,0.152,0.064,-1.0,204.8,20.0,-112.0,22.666666666666668
2025-11-05 00:09:55,4,127.0,508,0.2314072847366333,22,164.8181818181818,3626,0.045159177346663,0,5.0,11.0,7.2,5.0,3.6,2.4,0.104,0.014,-1.0,1227.4,20.0,-110.66666666666669,5.599999999999999
2025-11-05 00:09:56,5,131.8,659,0.1849499702453613,24,177.45833333333334,4259,0.0439610381921132,0,5.0,11.2,8.6,5.6,3.8,3.6,0.16,0.026,-1.0,170.2,20.0,-110.0,14.133333333333333
2025-11-05 00:09:57,7,160.0,1120,0.1321042946406773,29,189.6896551724137,5501,0.0339785526538717,0,5.0,10.0,8.6,6.4,4.2,3.4,0.132,0.058,-1.0,1615.8,20.0,-111.66666666666669,-20.0
2025-11-05 00:09:58,7,126.14285714285714,883,0.1761267185211181,23,175.2173913043478,4030,0.0430667815001114,0,5.0,9.6,8.4,6.6,3.8,1.8,0.1,0.076,-1.0,1226.4,20.0,-111.0,5.599999999999999
2025-11-05 00:09:59,5,120.4,602,0.1848387718200683,24,168.20833333333334,4037,0.0416091283162434,0,5.0,10.0,8.6,6.4,4.2,3.4,0.132,0.058,-1.0,1615.8,20.0,-111.66666666666669,-20.0
2025-11-05 00:10:00,6,125.5,753,0.1540371974309285,25,154.92,3873,0.0394000434875488,0,4.6,10.2,9.4,6.2,4.2,2.8,0.154,0.048,-1.0,1580.4,20.0,-111.0,5.599999999999999
2025-11-05 00:10:01,4,127.0,508,0.2309909462928772,22,161.22727272727272,3547,0.0450854951685125,0,4.6,8.6,8.4,7.2,3.8,1.4,0.104,0.062,-1.0,1217.2,20.0,-110.66666666666669,14.133333333333333
2025-11-05 00:10:02,9,231.77777777777777,2086,0.1371260219150119,27,153.22222222222223,4137,0.0391921467251247,0,4.8,8.8,10.2,6.8,4.4,2.4,0.192,0.088,-1.0,1482.4,20.0,-111.66666666666669,-2.9333333333333336
2025-11-05 00:10:03,7,125.85714285714286,881,0.1356841155460902,23,151.47826086956522,3484,0.0428684379743493,0,5.0,8.4,9.0,7.4,3.8,1.4,0.1339999999999999,0.062,-1.0,2670.4,20.0,-112.33333333333331,-20.0
2025-11-05 00:10:04,3,119.0,357,0.2994666894276936,22,150.22727272727272,3305,0.045216137712652,0,5.0,8.2,7.8,6.8,3.8,1.8,0.15,0.072,-1.0,2680.2,20.0,-111.33333333333331,22.666666666666668
2025-11-05 00:10:05,3,118.66666666666669,356,0.307010014851888,20,152.6,3052,0.0459985017776489,0,5.0,8.4,9.0,7.4,3.8,1.4,0.1339999999999999,0.062,-1.0,2670.4,20.0,-112.33333333333331,-20.0
2025-11-05 00:10:06,5,114.0,570,0.2459263801574707,23,151.7826086956522,3491,0.0460490869439166,0,4.4,8.6,8.2,6.6,4.2,1.6,0.174,0.092,-1.0,1531.4,20.0,-110.33333333333331,22.666666666666668
2025-11-05 00:10:07,3,119.0,357,0.3064510027567546,23,154.2173913043478,3547,0.0453297780907672,0,4.6,8.6,9.0,6.4,3.4,2.0,0.196,0.06,-1.0,2675.4,20.0,-110.66666666666669,-2.9333333333333336
2025-11-05 00:10:08,5,122.6,613,0.214626407623291,24,164.58333333333334,3950,0.0400187075138092,0,4.4,8.8,8.0,6.4,3.8,1.4,0.184,0.054,-1.0,4452.6,20.0,-111.66666666666669,-2.9333333333333336
2025-11-05 00:10:09,7,117.28571428571428,821,0.1083027294703892,23,165.82608695652175,3814,0.0446528248164964,0,4.8,8.0,8.2,6.6,3.6,2.0,0.182,0.03,-1.0,2668.8,20.0,-110.33333333333331,31.2
2025-11-05 00:10:10,7,121.0,847,0.1446498462132045,22,149.0909090909091,3280,0.045043869452043,0,5.6,7.6,8.2,7.2,3.6,2.4,0.17,0.038,-1.0,2665.2,20.0,-110.33333333333331,31.2
2025-11-05 00:10:11,5,125.4,627,0.2459621906280517,21,149.42857142857142,3138,0.0471456164405459,0,4.8,8.0,8.2,6.6,3.6,2.0,0.182,0.03,-1.0,2668.8,20.0,-110.33333333333331,31.2
2025-11-05 00:10:12,5,131.8,659,0.1852777957916259,25,139.92,3498,0.0405610370635986,0,4.8,7.2,6.4,8.2,3.4,1.2,0.174,0.086,-1.0,4459.2,20.0,-110.66666666666669,14.133333333333333
2025-11-05 00:10:13,6,127.33333333333331,764,0.1821561654408773,23,145.0,3335,0.0436946516451628,0,5.8,7.0,7.2,7.6,3.4,2.2,0.154,0.038,-1.0,3168.0,20.0,-110.0,-11.466666666666669
2025-11-05 00:10:14,4,127.0,508,0.1881025433540344,22,169.36363636363637,3726,0.0461382324045354,0,6.4,7.2,7.2,8.2,3.8,2.0,0.146,0.028,-1.0,3165.0,20.0,-108.0,39.73333333333333
2025-11-05 00:10:15,9,153.55555555555554,1382,0.1382456620534261,31,156.25806451612902,4844,0.0321039999684979,0,5.8,7.0,7.2,7.6,3.4,2.2,0.154,0.038,-1.0,3168.0,20.0,-110.0,-11.466666666666669
2025-11-05 00:10:16,3,119.0,357,0.3044049739837646,23,130.7826086956522,3008,0.0428607360176418,0,6.4,6.4,6.4,8.8,3.4,1.8,0.18,0.072,-1.0,4458.6,20.0,-107.33333333333331,14.133333333333333
2025-11-05 00:10:18,4,121.25,485,0.2744745016098022,21,130.95238095238096,2750,0.0474540506090436,0,6.8,6.0,6.0,9.6,3.6,1.6,0.2259999999999999,0.072,-1.0,85.4,20.0,-105.0,14.133333333333333
2025-11-05 00:10:19,5,120.8,604,0.2113142013549804,23,128.3913043478261,2953,0.0434697399968686,0,8.4,6.0,5.4,9.8,3.4,2.2,0.192,0.026,-1.0,3357.2,20.0,-103.33333333333331,39.73333333333333
2025-11-05 00:10:20,4,112.75,451,0.2308970093727111,24,137.41666666666666,3298,0.0411947866280873,0,8.0,5.8,4.8,10.2,3.4,1.6,0.19,0.018,-1.0,3359.8,20.0,-102.66666666666669,22.666666666666668
2025-11-05 00:10:21,3,119.0,357,0.3079202969868977,20,160.35,3207,0.0461329460144043,0,8.4,6.0,5.4,9.8,3.4,2.2,0.192,0.026,-1.0,3357.2,20.0,-103.33333333333331,39.73333333333333
2025-11-05 00:10:22,4,112.75,451,0.2313994765281677,28,147.07142857142858,4118,0.0396394644464765,0,7.2,5.4,5.4,10.2,3.6,1.6,0.252,0.042,-1.0,86.2,20.0,-103.0,5.599999999999999
2025-11-05 00:10:23,5,120.8,604,0.2461636066436767,21,137.61904761904762,2890,0.0471249989100864,0,8.4,5.4,4.8,11.0,3.8,1.8,0.192,0.028,-1.0,262.6,20.0,-102.66666666666669,39.73333333333333
2025-11-05 00:10:24,4,131.0,524,0.2313892841339111,22,134.5,2959,0.0450003688985651,0,7.4,5.0,6.2,11.0,4.0,2.2,0.238,0.068,-1.0,66.2,20.0,-100.0,48.26666666666667
2025-11-05 00:10:25,5,120.4,602,0.212883186340332,24,147.33333333333334,3536,0.0416240791479746,0,8.4,5.4,4.8,11.0,3.8,1.8,0.192,0.028,-1.0,262.6,20.0,-102.66666666666669,39.73333333333333
2025-11-05 00:10:26,3,119.0,357,0.2623196442921956,21,147.85714285714286,3105,0.0464999108087448,0,7.8,4.8,5.8,11.2,4.4,3.0,0.232,0.068,-1.0,55.6,20.0,-99.66666666666669,5.599999999999999
2025-11-05 00:10:27,6,125.33333333333331,752,0.2048916816711425,22,142.22727272727272,3129,0.0476663654500787,0,8.6,4.8,4.6,10.8,3.4,2.8,0.208,0.042,-1.0,250.2,20.0,-99.66666666666669,14.133333333333333
2025-11-05 00:10:28,6,126.16666666666669,757,0.1570183436075846,25,152.84,3821,0.0398569965362548,0,11.4,5.0,5.0,10.8,4.2,5.0,0.188,0.074,-1.0,54.6,20.0,-100.66666666666669,48.26666666666666
2025-11-05 00:10:29,17,110.70588235294116,1882,0.0597867544959573,21,173.04761904761904,3634,0.0471572875976562,0,11.4,5.6,5.4,10.2,4.2,5.6,0.152,0.07,-1.0,50.0,20.0,-101.33333333333331,14.133333333333333
2025-11-05 00:10:30,18,113.38888888888889,2041,0.0575305091010199,20,166.25,3325,0.0496623992919921,0,11.4,5.0,5.0,10.8,4.2,5.0,0.188,0.074,-1.0,54.6,20.0,-100.66666666666669,48.26666666666666
2025-11-05 00:10:31,16,117.5,1880,0.0612151175737381,20,154.75,3095,0.049490201473236,0,13.8,6.0,4.2,8.4,3.6,3.6,0.192,0.052,-1.0,67.6,20.0,-103.66666666666669,-2.9333333333333336
2025-11-05 00:10:32,14,112.71428571428572,1578,0.0691617897578648,18,162.83333333333334,2931,0.0548121134440104,0,13.6,6.8,5.0,8.4,4.4,5.8,0.152,0.052,-1.0,66.0,20.0,-104.33333333333331,39.73333333333333
2025-11-05 00:10:33,15,113.73333333333332,1706,0.0699015299479166,18,181.77777777777777,3272,0.0552219417360093,0,14.2,6.8,3.6,7.2,3.0,3.4,0.154,0.05,-1.0,1500.0,20.0,-105.33333333333331,31.2
2025-11-05 00:10:34,32,113.71875,3639,0.0310205668210983,23,184.6086956521739,4246,0.0458083463751751,0,13.6,6.8,5.0,8.4,4.4,5.8,0.152,0.052,-1.0,66.0,20.0,-104.33333333333331,39.73333333333333
2025-11-05 00:10:35,41,122.17073170731707,5009,0.02492051008271,21,199.28571428571428,4185,0.0471917674655006,0,15.2,8.8,2.8,5.8,3.4,3.6,0.1,0.036,-1.0,1540.6,20.0,-107.33333333333331,14.133333333333333
2025-11-05 00:10:36,39,114.7948717948718,4477,0.0250955911783071,21,206.52380952380952,4337,0.0469748519715808,0,16.2,8.8,2.4,6.0,3.6,5.2,0.142,0.04,-1.0,107.2,20.0,-107.33333333333331,31.2
2025-11-05 00:10:37,41,116.82926829268293,4790,0.0246335122643447,21,189.57142857142856,3981,0.0473135766528901,0,15.2,9.2,3.6,5.2,3.6,4.0,0.202,0.046,-1.0,161.6,20.0,-110.0,39.73333333333333
2025-11-05 00:10:38,24,111.95833333333331,2687,0.0399327874183654,16,189.5625,3033,0.0616553723812103,0,16.2,8.8,2.4,6.0,3.6,5.2,0.142,0.04,-1.0,107.2,20.0,-107.33333333333331,31.2
2025-11-05 00:10:39,27,119.48148148148148,3226,0.0374880720067907,22,183.77272727272728,4043,0.0452277660369873,0,14.6,10.2,3.0,4.8,3.6,3.0,0.136,0.042,-1.0,5551.8,20.0,-109.66666666666669,5.599999999999999
2025-11-05 00:10:40,18,135.11111111111111,2432,0.0574437777201334,28,188.32142857142856,5273,0.0352993266923086,0,16.0,10.2,2.6,5.2,4.4,3.6,0.262,0.054,-1.0,257.0,20.0,-111.66666666666669,31.2
2025-11-05 00:10:41,20,111.6,2232,0.0496242523193359,19,187.94736842105263,3571,0.0553494127173172,0,14.6,10.2,3.0,4.8,3.6,3.0,0.136,0.042,-1.0,5551.8,20.0,-109.66666666666669,5.599999999999999
2025-11-05 00:10:42,14,112.71428571428572,1578,0.0694620779582432,19,174.05263157894737,3307,0.0520961159153988,0,13.6,10.6,3.6,5.4,5.4,4.0,0.25,0.052,-1.0,286.6,20.0,-111.66666666666669,5.599999999999999
2025-11-05 00:10:43,16,113.4375,1815,0.0629861205816268,17,187.23529411764707,3183,0.0582540455986471,0,10.8,10.6,3.8,4.6,3.8,3.4,0.136,0.0419999999999999,-1.0,4184.0,20.0,-111.0,56.79999999999999
2025-11-05 00:10:44,30,114.03333333333332,3421,0.0345966657002766,19,193.8947368421053,3684,0.0522680533559698,0,13.6,10.6,3.6,5.4,5.4,4.0,0.25,0.052,-1.0,286.6,20.0,-111.66666666666669,5.599999999999999
2025-11-05 00:10:45,41,112.97560975609755,4632,0.0240919531845464,18,193.88888888888889,3490,0.0552437305450439,0,9.6,9.2,4.8,5.2,3.8,3.4,0.15,0.06,-1.0,4191.2,20.0,-111.33333333333331,31.2
2025-11-05 00:10:46,41,114.14634146341464,4680,0.0246573657524294,18,193.72222222222223,3487,0.0548231071896023,0,10.4,10.4,5.6,5.2,5.0,4.0,0.244,0.05,-1.0,2058.2,20.0,-111.66666666666669,14.133333333333333
2025-11-05 00:10:47,27,114.85185185185183,3101,0.0367594471684208,18,191.38888888888889,3445,0.0560013850529988,0,8.0,8.6,5.8,5.0,3.2,3.2,0.158,0.06,-1.0,3453.8,20.0,-111.66666666666669,31.2
2025-11-05 00:10:48,38,114.02631578947368,4333,0.0263299189115825,21,169.52380952380952,3560,0.0497598648071289,0,10.4,10.4,5.6,5.2,5.0,4.0,0.244,0.05,-1.0,2058.2,20.0,-111.66666666666669,14.133333333333333
2025-11-05 00:10:49,34,115.11764705882354,3914,0.0284721430610207,20,176.0,3520,0.0495008945465087,0,6.6,8.2,7.2,5.0,3.2,3.6,0.172,0.06,-1.0,1089.6,20.0,-111.0,31.2
2025-11-05 00:10:50,36,115.91666666666669,4173,0.0287574198510911,20,175.15,3503,0.0492761015892028,0,6.0,9.4,7.8,4.2,4.2,4.4,0.108,0.0279999999999999,-1.0,1926.8,20.0,-111.66666666666669,-11.466666666666669
2025-11-05 00:10:51,19,112.84210526315788,2144,0.0521366847188849,18,193.3333333333333,3480,0.0561649401982625,0,6.4,8.0,9.0,5.0,3.8,4.4,0.212,0.032,-1.0,1021.0,20.0,-112.33333333333331,39.73333333333333
2025-11-05 00:10:52,19,111.73684210526316,2123,0.0527138459055047,18,200.44444444444449,3608,0.0546425051159328,0,6.0,9.4,7.8,4.2,4.2,4.4,0.108,0.0279999999999999,-1.0,1926.8,20.0,-111.66666666666669,-11.466666666666669
2025-11-05 00:10:53,17,113.17647058823528,1924,0.0572701762704288,18,204.0555555555556,3673,0.0553882784313625,0,6.0,7.0,9.8,5.8,4.0,4.2,0.2,0.0639999999999999,-1.0,1020.4,20.0,-110.66666666666669,5.599999999999999
2025-11-05 00:10:54,15,113.73333333333332,1706,0.0685671965281168,20,203.3,4066,0.0491609454154968,0,5.8,7.2,9.6,4.8,3.4,4.6,0.166,0.028,-1.0,1231.4,20.0,-111.33333333333331,22.666666666666668
2025-11-05 00:10:55,24,112.91666666666669,2710,0.0421560406684875,20,208.55,4171,0.0485403537750244,0,6.0,8.2,10.0,6.4,6.2,4.2,0.182,0.052,-1.0,991.6,20.0,-111.66666666666669,22.666666666666668
2025-11-05 00:10:56,22,113.27272727272728,2492,0.0450081825256347,22,196.95454545454547,4333,0.0489108670841563,0,6.0,7.8,10.0,7.4,6.4,4.2,0.166,0.098,-1.0,978.0,20.0,-111.0,5.599999999999999
2025-11-05 00:10:57,16,114.875,1838,0.0625666826963424,19,198.8421052631579,3778,0.0512663063250089,0,6.0,8.2,10.0,6.4,6.2,4.2,0.182,0.052,-1.0,991.6,20.0,-111.66666666666669,22.666666666666668
2025-11-05 00:10:58,20,113.15,2263,0.0496801018714904,21,205.3809523809524,4313,0.0471369538988385,0,5.4,6.8,11.0,6.2,3.4,3.4,0.198,0.054,-1.0,1227.4,20.0,-110.0,39.73333333333333
2025-11-05 00:10:59,16,113.4375,1815,0.0617382526397705,22,167.36363636363637,3682,0.0454605492678555,0,6.2,7.8,9.4,8.0,7.0,4.4,0.142,0.118,-1.0,99.4,20.0,-110.33333333333331,5.599999999999999
2025-11-05 00:11:00,22,114.8181818181818,2526,0.0465311787345192,18,185.66666666666663,3342,0.0553338925043741,0,5.4,6.8,11.0,6.2,3.4,3.4,0.198,0.054,-1.0,1227.4,20.0,-110.0,39.73333333333333
2025-11-05 00:11:01,16,114.875,1838,0.0612472593784332,19,175.26315789473685,3330,0.0546832586589612,0,6.2,7.8,9.4,8.0,7.0,4.4,0.142,0.118,-1.0,99.4,20.0,-110.33333333333331,5.599999999999999
2025-11-05 00:11:02,14,112.71428571428572,1578,0.0701089245932442,18,165.94444444444446,2987,0.055348171128167,0,6.2,6.8,9.4,7.2,3.4,4.2,0.1599999999999999,0.064,-1.0,1240.2,20.0,-109.66666666666669,-2.9333333333333336
2025-11-05 00:11:04,18,115.05555555555556,2071,0.0530293252733018,21,193.23809523809524,4058,0.0479642777215866,0,6.4,6.8,9.4,7.2,3.4,4.2,0.15,0.092,-1.0,114.4,20.0,-109.66666666666669,22.666666666666668
2025-11-05 00:11:05,29,110.79310344827586,3213,0.0368991391412143,19,203.6315789473684,3869,0.0518735333492881,0,6.4,7.0,9.2,6.4,3.0,4.4,0.15,0.074,-1.0,121.4,20.0,-109.0,31.2
2025-11-05 00:11:06,23,113.08695652173913,2601,0.0417019180629564,19,182.26315789473685,3463,0.0532001068717555,0,6.4,6.8,9.4,7.2,3.4,4.2,0.15,0.092,-1.0,114.4,20.0,-109.66666666666669,22.666666666666668
2025-11-05 00:11:07,9,115.88888888888889,1043,0.1156244277954101,21,188.7619047619048,3964,0.0486092340378534,0,6.6,8.2,7.8,6.8,5.8,5.8,0.094,0.11,-1.0,199.6,20.0,-109.66666666666669,22.666666666666668
2025-11-05 00:11:08,22,127.27272727272728,2800,0.0446364987980235,20,188.05,3761,0.049951946735382,0,6.4,7.0,8.8,6.8,3.4,4.2,0.112,0.06,-1.0,117.6,20.0,-110.33333333333331,14.133333333333333
2025-11-05 00:11:09,29,111.44827586206895,3232,0.0348536968231201,21,201.3809523809524,4229,0.0469036669958205,0,6.6,8.2,7.8,6.8,5.8,5.8,0.094,0.11,-1.0,199.6,20.0,-109.66666666666669,22.666666666666668
2025-11-05 00:11:10,40,110.4,4416,0.0247514486312866,19,187.1578947368421,3556,0.0519857908550061,0,5.8,7.0,9.4,6.4,3.6,4.4,0.112,0.04,-1.0,97.0,20.0,-109.33333333333331,14.133333333333333
2025-11-05 00:11:11,46,113.47826086956522,5220,0.0222713480825009,21,200.6190476190476,4213,0.0473006679898216,0,6.2,8.0,9.0,6.6,5.2,6.0,0.078,0.062,-1.0,200.6,20.0,-109.66666666666669,14.133333333333333
2025-11-05 00:11:12,51,115.07843137254902,5869,0.018982214086196,19,195.7894736842105,3720,0.0521141604373329,0,6.0,7.6,9.4,6.2,4.2,4.2,0.114,0.044,-1.0,116.0,20.0,-110.66666666666669,-2.9333333333333336
2025-11-05 00:11:13,54,113.8148148148148,6146,0.0188249437897293,22,191.63636363636363,4216,0.0459339510310779,0,6.0,8.2,8.8,6.6,5.4,5.0,0.072,0.0679999999999999,-1.0,233.8,20.0,-111.0,5.599999999999999
2025-11-05 00:11:14,37,113.70270270270272,4207,0.0272542206016746,24,185.375,4449,0.0407608747482299,0,6.2,7.6,9.2,6.2,4.0,4.6,0.1159999999999999,0.01,-1.0,112.0,20.0,-109.66666666666669,-20.0
2025-11-05 00:11:15,17,112.94117647058825,1920,0.0563371742472929,19,168.47368421052633,3201,0.0550011584633275,0,6.4,7.6,9.8,6.4,4.2,4.6,0.124,0.01,-1.0,96.6,20.0,-109.66666666666669,22.666666666666668
2025-11-05 00:11:16,27,174.03703703703704,4699,0.0366992597226743,29,132.13793103448276,3832,0.0341739654541015,0,6.4,6.6,9.6,7.0,4.0,5.6,0.106,0.094,-1.0,164.2,20.0,-110.0,-20.0
2025-11-05 00:11:17,6,120.83333333333331,725,0.1710309982299804,20,155.65,3113,0.0498988032341003,0,6.4,7.6,9.8,6.4,4.2,4.6,0.124,0.01,-1.0,96.6,20.0,-109.66666666666669,22.666666666666668
2025-11-05 00:11:18,6,131.16666666666666,787,0.1692404747009277,25,143.32,3583,0.0394533538818359,0,6.4,7.4,9.4,6.4,3.6,5.0,0.116,0.01,-1.0,92.4,20.0,-110.33333333333331,-11.466666666666669
2025-11-05 00:11:19,5,127.2,636,0.17290620803833,23,152.2608695652174,3502,0.0432053545246953,0,7.4,7.0,9.0,7.2,4.0,5.0,0.1399999999999999,0.098,-1.0,159.6,20.0,-110.66666666666669,5.599999999999999
2025-11-05 00:11:20,4,131.0,524,0.2239282727241516,21,135.8095238095238,2852,0.0467224688757033,0,7.6,7.4,7.8,6.8,3.8,4.6,0.114,0.014,-1.0,1597.0,20.0,-112.0,-11.466666666666669
2025-11-05 00:11:21,4,119.0,476,0.3080227375030517,22,146.6818181818182,3227,0.0480134595524181,0,7.4,7.0,9.0,7.2,4.0,5.0,0.1399999999999999,0.098,-1.0,159.6,20.0,-110.66666666666669,5.599999999999999
2025-11-05 00:11:22,4,112.75,451,0.2344155311584472,24,149.83333333333334,3596,0.0416707893212636,0,6.8,7.2,8.6,6.8,3.0,3.2,0.124,0.01,-1.0,1578.4,20.0,-106.33333333333331,14.133333333333333
2025-11-05 00:11:23,4,121.25,485,0.2675809860229492,19,162.68421052631578,3091,0.0515791616941753,0,7.2,6.8,9.6,7.6,3.8,3.0,0.228,0.09,-1.0,115.8,20.0,-108.0,14.133333333333333
2025-11-05 00:11:24,4,121.25,485,0.1904360055923462,27,160.88888888888889,4344,0.0369355943467882,0,6.2,7.0,10.2,7.4,3.2,2.2,0.162,0.018,-1.0,1550.2,20.0,-110.66666666666669,14.133333333333333
2025-11-05 00:11:25,5,125.4,627,0.2472555637359619,22,150.54545454545453,3312,0.0446759028868241,0,6.8,6.6,10.4,8.2,3.4,2.6,0.18,0.012,-1.0,1556.8,20.0,-103.66666666666669,14.133333333333333
2025-11-05 00:11:26,4,127.0,508,0.2305715084075927,23,153.34782608695653,3527,0.0441251734028691,0,6.2,7.0,10.2,7.4,3.2,2.2,0.162,0.018,-1.0,1550.2,20.0,-110.66666666666669,14.133333333333333
2025-11-05 00:11:27,4,127.0,508,0.2280512452125549,22,149.63636363636363,3292,0.0444241003556685,0,8.2,6.4,9.4,9.2,3.4,2.0,0.25,0.052,-1.0,3396.0,20.0,-104.33333333333331,5.599999999999999
2025-11-05 00:11:28,4,121.25,485,0.2920837998390198,21,151.14285714285714,3174,0.0465241840907505,0,6.8,6.0,10.4,8.6,4.0,2.6,0.178,0.03,-1.0,1557.2,20.0,-108.0,22.666666666666668
2025-11-05 00:11:29,5,120.8,604,0.1977113723754882,24,143.54166666666666,3445,0.0439170400301615,0,7.6,6.0,9.8,9.4,3.2,2.4,0.236,0.056,-1.0,3394.6,20.0,-106.0,-20.0
2025-11-05 00:11:30,6,116.0,696,0.1543208360671997,26,135.53846153846155,3524,0.0381222688234769,0,5.8,5.8,11.6,8.6,3.8,2.6,0.184,0.03,-1.0,3918.6,20.0,-102.66666666666669,5.599999999999999
2025-11-05 00:11:31,4,127.0,508,0.2305539846420288,22,152.5,3355,0.045125050978227,0,7.6,6.0,9.8,9.4,3.2,2.4,0.236,0.056,-1.0,3394.6,20.0,-106.0,-20.0
2025-11-05 00:11:32,3,119.0,357,0.3091283639272054,20,154.95,3099,0.0493248462677001,0,6.8,5.6,10.8,9.0,4.4,3.6,0.176,0.03,-1.0,3918.2,20.0,-103.33333333333331,14.133333333333333
2025-11-05 00:11:33,5,120.8,604,0.2475615978240966,21,145.38095238095238,3053,0.0471731481097993,0,11.6,6.0,6.2,9.2,2.8,2.6,0.224,0.042,-1.0,3397.4,20.0,-104.33333333333331,22.666666666666668
2025-11-05 00:11:34,5,115.8,579,0.1834127902984619,26,146.69230769230768,3814,0.039383420577416,0,8.2,5.4,8.0,9.8,4.4,4.0,0.098,0.022,-1.0,3917.8,20.0,-103.33333333333331,-11.466666666666669
2025-11-05 00:11:35,3,118.66666666666669,356,0.3085330327351888,22,144.86363636363637,3187,0.0463613596829501,0,9.2,5.2,6.8,10.2,4.2,3.0,0.066,0.028,-1.0,4366.6,20.0,-105.33333333333331,14.133333333333333
2025-11-05 00:11:36,3,119.0,357,0.3090252876281738,21,147.47619047619048,3097,0.0482932385944184,0,8.2,5.4,8.0,9.8,4.4,4.0,0.098,0.022,-1.0,3917.8,20.0,-103.33333333333331,-11.466666666666669
2025-11-05 00:11:37,5,114.0,570,0.2458578109741211,22,152.86363636363637,3363,0.0439800891009244,0,11.0,5.4,6.0,9.6,2.8,2.0,0.2199999999999999,0.048,-1.0,7327.8,20.0,-107.0,22.666666666666668
2025-11-05 00:11:38,4,121.25,485,0.2503995299339294,21,159.71428571428572,3354,0.0480176721300397,0,10.6,5.6,6.0,10.2,4.2,2.4,0.196,0.066,-1.0,4377.0,20.0,-104.33333333333331,5.599999999999999
2025-11-05 00:11:39,8,125.875,1007,0.1079631149768829,27,139.07407407407408,3755,0.035925926985564,0,12.2,5.6,5.2,9.6,3.4,1.6,0.282,0.034,-1.0,7331.4,20.0,-106.33333333333331,-2.9333333333333336
2025-11-05 00:11:40,4,112.75,451,0.2272902727127075,24,148.70833333333334,3569,0.0414723753929138,0,11.6,5.6,4.6,10.2,4.0,2.4,0.248,0.062,-1.0,3229.2,20.0,-106.66666666666669,39.73333333333333
2025-11-05 00:11:41,6,160.16666666666666,961,0.2050439914067586,23,144.52173913043478,3324,0.043030604072239,0,12.2,5.6,5.2,9.6,3.4,1.6,0.282,0.034,-1.0,7331.4,20.0,-106.33333333333331,-2.9333333333333336
2025-11-05 00:11:42,4,112.75,451,0.2315149903297424,23,140.6086956521739,3234,0.0458269533903702,0,12.0,5.4,3.2,10.2,3.6,1.6,0.2559999999999999,0.082,-1.0,3234.8,20.0,-108.66666666666669,31.2
2025-11-05 00:11:43,8,140.125,1121,0.1343293786048889,23,153.2173913043478,3524,0.0429398287897524,0,10.6,6.2,2.8,8.8,4.0,1.2,0.302,0.096,-1.0,3256.6,20.0,-110.33333333333331,22.666666666666668
2025-11-05 00:11:44,6,133.83333333333334,803,0.1290118296941121,26,133.26923076923077,3465,0.0380558875890878,0,12.0,5.4,3.2,10.2,3.6,1.6,0.2559999999999999,0.082,-1.0,3234.8,20.0,-108.66666666666669,31.2
2025-11-05 00:11:45,5,125.4,627,0.2460951805114746,22,139.72727272727272,3074,0.0452560944990678,0,9.8,6.6,5.0,8.8,3.6,1.6,0.2319999999999999,0.082,-1.0,1174.0,20.0,-111.0,39.73333333333333
2025-11-05 00:11:46,4,127.0,508,0.2316105365753173,22,147.5909090909091,3247,0.0447483171116222,0,8.8,7.4,2.2,7.4,3.8,1.2,0.3259999999999999,0.096,-1.0,2882.4,20.0,-112.0,22.666666666666668
2025-11-05 00:11:47,4,127.0,508,0.2313809990882873,25,143.64,3591,0.0423597526550292,0,7.4,7.8,2.6,6.8,3.4,1.4,0.208,0.04,-1.0,2873.6,20.0,-111.33333333333331,22.666666666666668
2025-11-05 00:11:48,7,134.0,938,0.1637297017233712,24,150.45833333333334,3611,0.0415186285972595,0,8.8,7.4,2.2,7.4,3.8,1.2,0.3259999999999999,0.096,-1.0,2882.4,20.0,-112.0,22.666666666666668
2025-11-05 00:11:49,6,125.83333333333331,755,0.1661829948425293,24,143.70833333333334,3449,0.040815124909083,0,8.2,7.6,4.2,7.0,3.4,1.6,0.146,0.07,-1.0,1186.4,20.0,-111.33333333333331,14.133333333333333
2025-11-05 00:11:50,4,127.0,508,0.2315007448196411,22,160.5,3531,0.0451355955817482,0,6.2,8.4,3.8,6.4,3.4,1.4,0.158,0.058,-1.0,152.4,20.0,-111.0,5.599999999999999
2025-11-05 00:11:51,4,127.0,508,0.2311919927597046,24,168.41666666666666,4042,0.0412994523843129,0,6.2,8.0,6.2,6.6,3.4,1.6,0.174,0.07,-1.0,1103.0,20.0,-112.0,5.599999999999999
2025-11-05 00:11:52,4,127.0,508,0.230512261390686,22,182.13636363636363,4007,0.0449506369504061,0,5.6,7.8,8.6,6.6,3.4,1.8,0.21,0.044,-1.0,1075.4,20.0,-110.33333333333331,22.666666666666668
2025-11-05 00:11:53,10,124.5,1245,0.1236709117889404,26,171.8846153846154,4469,0.0381123102628267,0,5.8,8.2,6.4,7.0,3.6,1.6,0.166,0.074,-1.0,147.4,20.0,-111.66666666666669,-2.9333333333333336
2025-11-05 00:11:54,15,113.73333333333332,1706,0.0627453962961832,22,184.77272727272728,4065,0.0454258593645962,0,5.6,7.8,8.6,6.6,3.4,1.8,0.21,0.044,-1.0,1075.4,20.0,-110.33333333333331,22.666666666666668
2025-11-05 00:11:55,17,112.05882352941175,1905,0.0602274642271154,19,204.94736842105263,3894,0.0553024191605417,0,6.2,7.8,8.2,7.2,3.4,2.2,0.182,0.02,-1.0,62.4,20.0,-110.66666666666669,-2.9333333333333336
2025-11-05 00:11:56,15,115.26666666666668,1729,0.0674885431925455,19,213.0,4047,0.052962579225239,0,6.2,7.6,6.6,7.4,3.6,1.8,0.15,0.092,-1.0,215.0,20.0,-112.0,-11.466666666666669
2025-11-05 00:11:57,15,112.46666666666668,1687,0.065514866511027,16,244.0,3904,0.0614131987094879,0,6.0,7.8,7.6,7.4,3.6,2.2,0.176,0.024,-1.0,67.4,20.0,-111.0,22.666666666666668
2025-11-05 00:11:58,16,112.25,1796,0.0644976198673248,19,206.8421052631579,3930,0.0536772075452302,0,5.6,8.2,8.0,6.8,3.6,2.6,0.164,0.016,-1.0,61.6,20.0,-112.0,-2.9333333333333336
2025-11-05 00:11:59,26,112.46153846153848,2924,0.0381907316354604,19,210.31578947368425,3996,0.0498356819152832,0,6.0,7.8,7.6,7.4,3.6,2.2,0.176,0.024,-1.0,67.4,20.0,-111.0,22.666666666666668
2025-11-05 00:12:00,26,111.0,2886,0.0366855034461388,20,212.7,4254,0.0527062535285949,0,5.8,8.8,6.8,6.8,4.0,2.2,0.174,0.104,-1.0,248.8,20.0,-111.33333333333331,-20.0
2025-11-05 00:12:01,25,111.08,2777,0.0422822761535644,19,214.31578947368425,4072,0.0523803108616879,0,5.4,9.4,7.2,6.4,3.6,2.8,0.172,0.016,-1.0,3813.2,20.0,-111.0,5.599999999999999
2025-11-05 00:12:02,46,112.3695652173913,5169,0.0218111743097719,20,237.55,4751,0.0494497060775756,0,5.8,10.4,7.0,5.8,4.2,2.6,0.168,0.118,-1.0,265.2,20.0,-110.66666666666669,39.73333333333333
2025-11-05 00:12:03,45,114.04444444444444,5132,0.0214667108323838,20,204.8,4096,0.0493036985397338,0,5.6,10.6,7.2,5.2,4.0,3.4,0.144,0.098,-1.0,275.2,20.0,-112.33333333333331,14.133333333333333
2025-11-05 00:12:04,36,113.80555555555556,4097,0.0278982255193922,22,203.5909090909091,4479,0.0450022220611572,0,5.8,10.4,7.0,5.8,4.2,2.6,0.168,0.118,-1.0,265.2,20.0,-110.66666666666669,39.73333333333333
2025-11-05 00:12:05,24,112.91666666666669,2710,0.0425394078095754,19,216.52631578947367,4114,0.0524353730051141,0,5.4,10.6,7.4,5.2,4.4,4.4,0.174,0.016,-1.0,3838.0,20.0,-112.0,-11.466666666666669
2025-11-05 00:12:06,50,113.2,5660,0.0200455808639526,21,215.7619047619048,4531,0.046837432043893,0,5.4,11.2,8.0,5.0,4.0,3.8,0.142,0.088,-1.0,727.4,20.0,-112.0,39.73333333333333
2025-11-05 00:12:07,40,111.675,4467,0.0250120997428894,21,202.23809523809524,4247,0.0502394267490931,0,6.0,10.4,7.8,5.2,4.4,5.0,0.176,0.032,-1.0,3858.4,20.0,-112.33333333333331,22.666666666666668
2025-11-05 00:12:08,35,112.97142857142858,3954,0.0286480903625488,17,197.05882352941177,3350,0.0545075220220229,0,6.2,11.0,7.8,5.0,4.4,4.8,0.128,0.088,-1.0,734.0,20.0,-111.66666666666669,5.599999999999999
2025-11-05 00:12:09,47,115.38297872340424,5423,0.0208656990781743,22,183.77272727272728,4043,0.0485182783820412,0,7.4,9.8,7.6,5.6,4.4,5.6,0.1119999999999999,0.08,-1.0,719.2,20.0,-111.33333333333331,5.599999999999999
2025-11-05 00:12:10,54,116.44444444444444,6288,0.0187127766785798,20,202.6,4052,0.0489989519119262,0,8.6,8.6,7.0,5.8,4.2,6.2,0.112,0.046,-1.0,174.6,20.0,-110.66666666666669,5.599999999999999
2025-11-05 00:12:11,38,116.47368421052632,4426,0.0265843742772152,19,227.31578947368425,4319,0.0528835748371325,0,7.4,9.8,7.6,5.6,4.4,5.6,0.1119999999999999,0.08,-1.0,719.2,20.0,-111.33333333333331,5.599999999999999
2025-11-05 00:12:12,33,119.48484848484848,3943,0.0288104794242165,23,172.2608695652174,3962,0.0422286054362421,0,8.4,10.8,6.8,6.0,7.0,6.6,0.11,0.086,-1.0,728.8,20.0,-111.33333333333331,14.133333333333333
2025-11-05 00:12:13,23,112.69565217391305,2592,0.0434533513110616,18,184.94444444444449,3329,0.0557667811711629,0,8.6,8.0,6.4,5.6,3.6,5.4,0.088,0.052,-1.0,880.4,20.0,-111.0,14.133333333333333
2025-11-05 00:12:14,31,123.25806451612904,3821,0.0337443582473262,23,164.1304347826087,3775,0.0457042196522588,0,8.0,11.2,7.0,5.6,6.8,6.2,0.122,0.074,-1.0,722.4,20.0,-111.33333333333331,14.133333333333333
2025-11-05 00:12:15,29,112.24137931034484,3255,0.0341125110100055,19,173.10526315789474,3289,0.0527402601743999,0,8.8,7.8,7.4,5.4,3.6,5.4,0.124,0.05,-1.0,890.2,20.0,-110.33333333333331,22.666666666666668
2025-11-05 00:12:16,25,111.08,2777,0.040640525817871,18,170.11111111111111,3062,0.0540546708636813,0,8.0,11.2,7.0,5.6,6.8,6.2,0.122,0.074,-1.0,722.4,20.0,-111.33333333333331,14.133333333333333
2025-11-05 00:12:17,13,113.0,1469,0.0742746866666353,17,167.23529411764707,2843,0.0603923517114975,0,8.6,7.4,8.6,5.6,3.4,5.6,0.148,0.038,-1.0,875.6,20.0,-110.0,22.666666666666668
2025-11-05 00:12:18,30,114.8,3444,0.0339156627655029,20,147.9,2958,0.0476573944091796,0,7.0,9.6,8.0,6.0,6.4,5.4,0.1379999999999999,0.098,-1.0,378.6,20.0,-110.66666666666669,31.2
2025-11-05 00:12:19,28,110.67857142857144,3099,0.0356010368892124,20,144.2,2884,0.0492511510848999,0,8.6,7.4,8.6,5.6,3.4,5.6,0.148,0.038,-1.0,875.6,20.0,-110.0,22.666666666666668
2025-11-05 00:12:20,16,114.75,1836,0.0593385696411132,20,146.6,2932,0.0529870986938476,0,6.4,9.2,8.8,6.4,6.2,4.8,0.126,0.0839999999999999,-1.0,377.6,20.0,-108.33333333333331,22.666666666666668
2025-11-05 00:12:22,16,111.125,1778,0.0601751804351806,19,143.8421052631579,2733,0.0521057906903718,0,5.6,6.0,10.6,7.4,3.2,4.0,0.142,0.046,-1.0,557.6,20.0,-107.66666666666669,14.133333333333333
2025-11-05 00:12:24,26,113.26923076923076,2945,0.0401147695688101,20,147.8,2956,0.0499016046524047,0,5.4,4.8,10.8,8.4,2.8,3.8,0.1,0.072,-1.0,555.6,20.0,-106.0,5.599999999999999
2025-11-05 00:12:25,38,110.36842105263158,4194,0.0266405532234593,19,160.73684210526315,3054,0.0517038922560842,0,6.4,4.4,9.4,8.8,2.8,3.6,0.096,0.076,-1.0,299.2,20.0,-109.0,14.133333333333333
2025-11-05 00:12:26,48,110.95833333333331,5326,0.0207104980945587,23,157.56521739130434,3624,0.0457612535227899,0,5.4,4.8,10.8,8.4,2.8,3.8,0.1,0.072,-1.0,555.6,20.0,-106.0,5.599999999999999
2025-11-05 00:12:27,41,109.53658536585364,4491,0.0200151699345286,23,173.8695652173913,3999,0.0433062677798063,0,6.6,5.0,9.4,8.2,3.2,4.0,0.184,0.064,-1.0,12869.6,20.0,-110.66666666666669,14.133333333333333
2025-11-05 00:12:29,25,113.08,2827,0.0403419589996337,23,153.3913043478261,3528,0.0425386532493259,0,5.8,6.2,9.8,7.4,3.6,3.6,0.204,0.064,-1.0,12873.8,20.0,-109.33333333333331,31.2
2025-11-05 00:12:30,21,115.47619047619048,2425,0.0478164354960123,20,164.0,3280,0.0502005577087402,0,6.0,7.0,8.6,6.8,2.6,4.0,0.128,0.072,-1.0,345.6,20.0,-111.33333333333331,31.2
2025-11-05 00:12:31,53,115.35849056603772,6114,0.0186821514705442,20,176.95,3539,0.048879051208496,0,5.8,6.2,9.8,7.4,3.6,3.6,0.204,0.064,-1.0,12873.8,20.0,-109.33333333333331,31.2
2025-11-05 00:12:32,42,116.0,4872,0.0237616187050229,18,190.0555555555556,3421,0.055684659216139,0,6.0,8.6,6.8,5.4,2.8,3.8,0.136,0.072,-1.0,254.4,20.0,-112.0,39.73333333333333
2025-11-05 00:12:33,44,113.8181818181818,5008,0.0227957259524952,19,170.0,3230,0.0548444798118189,0,5.8,10.4,7.8,5.0,4.4,4.2,0.2259999999999999,0.066,-1.0,11104.4,20.0,-111.0,22.666666666666668
2025-11-05 00:12:34,37,113.43243243243244,4197,0.0261513478047138,20,159.15,3183,0.0497799515724182,0,5.4,12.0,6.6,3.8,4.2,4.2,0.202,0.038,-1.0,11116.8,20.0,-112.66666666666669,31.2
2025-11-05 00:12:35,46,112.52173913043478,5176,0.0225000018658845,20,172.7,3454,0.0493793964385986,0,5.8,10.4,7.8,5.0,4.4,4.2,0.2259999999999999,0.066,-1.0,11104.4,20.0,-111.0,22.666666666666668
2025-11-05 00:12:36,57,114.98245614035088,6554,0.017549104857863,20,182.25,3645,0.0493011951446533,0,5.2,11.8,6.0,3.4,3.4,4.6,0.138,0.036,-1.0,345.4,20.0,-113.66666666666669,31.2
2025-11-05 00:12:37,48,117.1875,5625,0.0208967725435892,23,171.91304347826087,3954,0.0435485217882239,0,4.6,12.8,7.6,3.2,4.2,4.6,0.198,0.034,-1.0,1914.6,20.0,-113.0,56.79999999999999
2025-11-05 00:12:38,48,113.39583333333331,5443,0.0204644153515497,19,161.57894736842104,3070,0.05158237407082,0,5.6,12.4,6.4,3.4,3.6,5.0,0.132,0.052,-1.0,346.0,20.0,-113.0,22.666666666666668
2025-11-05 00:12:39,47,114.12765957446808,5364,0.0215048942160099,22,152.22727272727272,3349,0.0451269041408192,0,6.0,11.8,6.6,3.6,3.6,5.6,0.1159999999999999,0.058,-1.0,350.4,20.0,-111.66666666666669,22.666666666666668
2025-11-05 00:12:40,52,113.59615384615384,5907,0.0185989416562593,20,139.95,2799,0.05259690284729,0,5.6,12.4,6.4,3.4,3.6,5.0,0.132,0.052,-1.0,346.0,20.0,-113.0,22.666666666666668
2025-11-05 00:12:41,42,114.78571428571428,4821,0.0233465262821742,22,159.04545454545453,3499,0.0449869957837191,0,5.6,12.4,7.0,3.2,3.4,5.8,0.132,0.04,-1.0,1936.8,20.0,-112.33333333333331,39.73333333333333
2025-11-05 00:12:42,25,114.12,2853,0.0419171524047851,20,145.6,2912,0.0496486544609069,0,6.4,11.6,7.0,3.6,3.6,6.6,0.086,0.062,-1.0,242.6,20.0,-112.66666666666669,22.666666666666668
2025-11-05 00:12:43,32,188.6875,6038,0.0232807248830795,28,126.42857142857144,3540,0.0352192180497305,0,5.8,11.0,7.4,3.4,3.0,5.6,0.1139999999999999,0.028,-1.0,1863.4,20.0,-112.0,48.26666666666667
2025-11-05 00:12:44,8,129.25,1034,0.1543474793434143,25,136.32,3408,0.0397727584838867,0,6.8,10.4,7.8,4.2,3.4,6.4,0.082,0.064,-1.0,276.6,20.0,-111.66666666666669,14.133333333333333
2025-11-05 00:12:45,3,119.0,357,0.3087089856465657,21,152.1904761904762,3196,0.0481593268258231,0,6.2,9.6,8.8,5.2,3.4,5.4,0.102,0.062,-1.0,244.8,20.0,-109.0,31.2
2025-11-05 00:12:46,4,127.0,508,0.2313442826271057,24,147.04166666666666,3529,0.0401661296685536,0,6.2,9.4,9.4,4.6,2.8,4.4,0.166,0.024,-1.0,119.2,20.0,-109.33333333333331,14.133333333333333
2025-11-05 00:12:47,6,231.0,1386,0.1537811756134033,25,140.6,3515,0.0421995544433593,0,6.2,9.6,8.8,5.2,3.4,5.4,0.102,0.062,-1.0,244.8,20.0,-109.0,31.2
2025-11-05 00:12:48,5,125.2,626,0.2468225955963134,22,140.0,3080,0.0450000004334883,0,5.8,8.6,9.6,6.0,3.2,4.6,0.096,0.04,-1.0,199.6,20.0,-111.0,14.133333333333333
2025-11-05 00:12:49,7,130.71428571428572,915,0.1318052836826869,26,141.53846153846155,3680,0.038151007432204,0,6.2,7.8,9.2,5.4,2.8,3.8,0.154,0.024,-1.0,82.2,20.0,-105.66666666666669,-2.9333333333333336
2025-11-05 00:12:50,4,127.0,508,0.2314465045928955,22,121.04545454545456,2663,0.0449948094107887,0,5.6,8.0,10.6,6.6,3.4,3.8,0.118,0.0579999999999999,1.8,190.8,20.0,-106.0,14.133333333333333
2025-11-05 00:12:51,3,119.0,357,0.3077046871185303,21,133.47619047619048,2803,0.0473775750114804,0,5.6,7.0,9.4,6.2,2.6,2.6,0.182,0.014,-1.0,2959.6,20.0,-108.33333333333331,14.133333333333333
2025-11-05 00:12:52,4,119.0,476,0.3082267045974731,21,138.9047619047619,2917,0.0470709573654901,0,5.4,6.2,9.6,7.0,2.6,2.0,0.174,0.026,-1.0,2951.8,20.0,-106.33333333333331,5.599999999999999
2025-11-05 00:12:53,6,125.33333333333331,752,0.1554758548736572,25,130.96,3274,0.0421953582763671,0,5.6,7.0,9.4,6.2,2.6,2.6,0.182,0.014,-1.0,2959.6,20.0,-108.33333333333331,14.133333333333333
2025-11-05 00:12:54,5,122.6,613,0.1831649780273437,25,141.8,3545,0.0395488357543945,0,4.8,6.6,10.4,8.0,3.4,2.0,0.15,0.0559999999999999,1.8,489.2,20.0,-105.66666666666669,5.599999999999999
2025-11-05 00:12:55,3,119.0,357,0.3080176512400309,21,148.28571428571428,3114,0.0471572875976562,0,6.0,6.0,8.4,7.4,2.6,1.8,0.158,0.04,-1.0,2949.2,20.0,-105.33333333333331,22.666666666666668
2025-11-05 00:12:56,5,114.0,570,0.2497718334197998,22,139.13636363636363,3061,0.0464550473473288,0,5.0,6.8,9.0,7.6,3.4,2.0,0.12,0.056,1.8,488.0,20.0,-104.0,-11.466666666666669
2025-11-05 00:12:57,6,106.5,639,0.1514336665471395,23,156.30434782608697,3595,0.0415476508762525,0,5.6,7.0,8.2,7.2,3.6,2.2,0.122,0.038,1.8,499.0,20.0,-105.66666666666669,5.599999999999999
2025-11-05 00:12:58,5,131.8,659,0.1851557731628418,23,144.56521739130434,3325,0.0431518658347751,0,5.0,6.8,9.0,7.6,3.4,2.0,0.12,0.056,1.8,488.0,20.0,-104.0,-11.466666666666669
2025-11-05 00:12:59,7,147.71428571428572,1034,0.1320017065320696,28,162.25,4543,0.0354283622332981,0,6.0,6.4,7.2,7.4,2.8,1.6,0.1139999999999999,0.026,-1.0,3564.4,20.0,-103.0,-2.9333333333333336
2025-11-05 00:13:00,5,125.4,627,0.2463874340057373,23,150.0,3450,0.0459294733793839,0,6.6,6.6,6.6,7.6,3.6,2.0,0.09,0.014,-1.0,498.0,20.0,-105.0,14.133333333333333
2025-11-05 00:13:01,8,110.5,884,0.1252997517585754,23,159.34782608695653,3665,0.0428947365802267,0,6.4,6.4,6.0,7.6,3.0,1.6,0.064,0.026,-1.0,660.4,20.0,-104.66666666666669,5.599999999999999
2025-11-05 00:13:02,6,127.83333333333331,767,0.1669516563415527,23,157.30434782608697,3618,0.043130522188933,0,8.0,6.8,5.0,8.2,3.0,1.6,0.09,0.014,-1.0,882.4,20.0,-106.33333333333331,-2.9333333333333336
2025-11-05 00:13:03,5,131.8,659,0.1850925922393798,25,154.28,3857,0.0409589290618896,0,6.4,6.4,6.0,7.6,3.0,1.6,0.064,0.026,-1.0,660.4,20.0,-104.66666666666669,5.599999999999999
2025-11-05 00:13:04,7,124.71428571428572,873,0.150698287146432,21,172.42857142857142,3621,0.0426205680483863,0,9.8,6.6,4.8,8.2,4.4,2.2,0.032,0.022,-1.0,973.4,20.0,-104.33333333333331,-11.466666666666669
2025-11-05 00:13:05,8,124.75,998,0.1157706379890441,26,161.53846153846155,4200,0.0402579215856698,0,7.8,6.4,5.0,8.6,3.2,1.8,0.114,0.006,-1.0,883.2,20.0,-105.33333333333331,31.2
2025-11-05 00:13:06,3,119.0,357,0.3074223200480143,24,164.875,3957,0.0441685418287913,0,9.4,6.0,4.0,9.4,3.2,1.4,0.16,0.03,-1.0,1080.6,20.0,-106.33333333333331,14.133333333333333
2025-11-05 00:13:07,3,119.0,357,0.3084856669108073,21,171.61904761904762,3604,0.0472594783419654,0,7.8,6.4,5.0,8.6,3.2,1.8,0.114,0.006,-1.0,883.2,20.0,-105.33333333333331,31.2
2025-11-05 00:13:08,7,116.42857142857144,815,0.1762129919869559,26,235.69230769230768,6128,0.0379180358006404,0,11.4,5.6,3.6,9.6,4.6,2.2,0.126,0.0339999999999999,-1.0,1188.6,20.0,-105.0,22.666666666666668
2025-11-05 00:13:09,5,122.6,613,0.1846724033355712,23,300.4782608695652,6911,0.0430079543072244,0,12.0,6.0,4.0,10.4,4.0,2.6,0.218,0.036,-1.0,1100.8,20.0,-106.0,5.599999999999999
2025-11-05 00:13:10,3,119.0,357,0.3082819779713948,23,283.39130434782606,6518,0.043252302252728,0,11.0,5.6,4.8,10.2,5.8,3.0,0.178,0.0679999999999999,-1.0,1178.8,20.0,-104.33333333333331,5.599999999999999
2025-11-05 00:13:11,4,112.75,451,0.2648317813873291,22,321.1363636363636,7065,0.0451209111647172,0,9.4,5.6,5.6,10.6,6.8,3.0,0.178,0.066,-1.0,271.4,20.0,-104.0,5.599999999999999
2025-11-05 00:13:12,4,119.0,476,0.274541974067688,21,237.52380952380952,4988,0.0470665750049409,0,11.0,5.6,4.8,10.2,5.8,3.0,0.178,0.0679999999999999,-1.0,1178.8,20.0,-104.33333333333331,5.599999999999999
2025-11-05 00:13:13,3,119.0,357,0.3084426720937093,24,152.70833333333334,3665,0.0437735021114349,0,10.6,5.8,7.0,11.6,4.6,3.8,0.258,0.072,-1.0,1302.6,20.0,-103.0,14.133333333333333
2025-11-05 00:13:14,9,131.55555555555554,1184,0.1202332178751627,31,141.5806451612903,4389,0.0323049637579148,0,7.4,5.4,7.4,11.2,6.8,3.0,0.214,0.0659999999999999,-1.0,277.6,20.0,-104.0,5.599999999999999
2025-11-05 00:13:15,4,112.75,451,0.1942042708396911,20,157.3,3146,0.0501144528388977,0,10.0,5.8,8.2,12.2,4.6,3.6,0.23,0.086,-1.0,1300.6,20.0,-105.66666666666669,5.599999999999999
2025-11-05 00:13:16,4,119.0,476,0.3030530214309692,25,142.36,3559,0.038729076385498,0,7.4,5.0,8.4,11.8,6.8,2.8,0.2079999999999999,0.088,-1.0,271.4,20.0,-106.33333333333331,22.666666666666668
2025-11-05 00:13:17,4,112.75,451,0.2312544584274292,22,154.63636363636363,3402,0.0451207269321788,0,10.0,5.8,8.2,12.2,4.6,3.6,0.23,0.086,-1.0,1300.6,20.0,-105.66666666666669,5.599999999999999
2025-11-05 00:13:18,5,109.0,545,0.1843336105346679,24,173.58333333333334,4166,0.0410416722297668,0,9.0,5.6,7.4,11.2,6.2,3.6,0.144,0.086,-1.0,49.8,20.0,-104.66666666666669,22.666666666666668
2025-11-05 00:13:19,5,122.6,613,0.1857632160186767,22,166.5,3663,0.0450722304257479,0,8.0,6.0,6.8,11.0,4.8,3.2,0.182,0.09,-1.0,486.2,20.0,-105.0,14.133333333333333
2025-11-05 00:13:20,8,241.875,1935,0.1536584794521331,28,155.17857142857142,4345,0.0378852486610412,0,9.2,6.0,6.2,10.2,5.0,2.8,0.134,0.058,-1.0,59.0,20.0,-106.33333333333331,22.666666666666668
2025-11-05 00:13:21,3,119.0,357,0.3082849979400635,19,160.52631578947367,3050,0.0451331013127377,0,8.2,6.2,5.2,10.6,4.8,2.4,0.156,0.082,-1.0,528.2,20.0,-105.0,22.666666666666668
2025-11-05 00:13:22,6,123.0,738,0.1538079977035522,27,271.0740740740741,7319,0.0414806295324254,0,9.0,6.8,3.8,9.6,5.6,2.4,0.182,0.104,-1.0,1827.0,20.0,-105.0,31.2
2025-11-05 00:13:23,4,112.75,451,0.2318787574768066,21,340.3809523809524,7148,0.0470050970713297,0,8.2,6.2,5.2,10.6,4.8,2.4,0.156,0.082,-1.0,528.2,20.0,-105.0,22.666666666666668
2025-11-05 00:13:24,18,153.94444444444446,2771,0.0686711735195583,29,324.13793103448273,9400,0.0346329294402023,0,9.6,7.0,5.0,9.6,4.2,1.8,0.2259999999999999,0.0579999999999999,-1.0,47.8,20.0,-107.66666666666669,22.666666666666668
2025-11-05 00:13:25,19,113.47368421052632,2156,0.0523414737299869,21,348.04761904761904,7309,0.0464410441262381,0,9.2,7.8,3.0,9.0,6.8,3.0,0.186,0.122,-1.0,1845.8,20.0,-109.33333333333331,39.73333333333333
2025-11-05 00:13:26,18,115.38888888888889,2077,0.0508886045879787,16,327.375,5238,0.0659324377775192,0,7.4,8.6,3.2,8.4,7.2,2.2,0.238,0.098,-1.0,1903.6,20.0,-107.66666666666669,22.666666666666668
2025-11-05 00:13:27,21,113.47619047619048,2383,0.0502067634037562,18,158.61111111111111,2855,0.0516594515906439,0,9.2,7.8,3.0,9.0,6.8,3.0,0.186,0.122,-1.0,1845.8,20.0,-109.33333333333331,39.73333333333333
2025-11-05 00:13:28,17,111.88235294117646,1902,0.057210880167344,23,167.1304347826087,3844,0.0457625596419624,0,6.6,8.4,6.2,9.0,4.8,1.6,0.29,0.052,-1.0,777.2,20.0,-109.66666666666669,31.2
2025-11-05 00:13:30,13,113.0,1469,0.0745185338533841,17,194.35294117647047,3304,0.0588413547067081,0,6.0,8.4,6.2,8.4,4.4,1.8,0.29,0.058,-1.0,808.4,20.0,-110.66666666666669,5.599999999999999
2025-11-05 00:13:31,23,114.91304347826087,2643,0.0450906027918276,19,169.68421052631578,3224,0.051487270154451,0,6.2,10.2,5.4,6.6,6.8,2.6,0.316,0.126,-1.0,1889.0,20.0,-110.33333333333331,5.599999999999999
2025-11-05 00:13:32,23,111.2608695652174,2559,0.0440547051637069,17,188.35294117647047,3202,0.0582424051621381,0,6.0,8.4,6.2,8.4,4.4,1.8,0.29,0.058,-1.0,808.4,20.0,-110.66666666666669,5.599999999999999
2025-11-05 00:13:33,23,117.3913043478261,2700,0.0422352085942807,20,192.0,3840,0.0526334524154663,0,5.2,10.8,5.8,5.6,5.6,2.6,0.3199999999999999,0.104,-1.0,6370.4,20.0,-112.33333333333331,22.666666666666668
2025-11-05 00:13:35,22,115.1818181818182,2534,0.0451375896280462,17,201.52941176470588,3426,0.0586692445418413,0,5.2,10.8,5.8,5.6,5.6,2.6,0.3199999999999999,0.104,-1.0,6370.4,20.0,-112.33333333333331,22.666666666666668
2025-11-05 00:13:36,21,111.47619047619048,2341,0.0470311868758428,18,193.61111111111111,3485,0.0540338887108696,0,4.6,9.2,5.6,5.0,3.8,2.6,0.192,0.054,-1.0,652.8,20.0,-112.0,5.599999999999999
2025-11-05 00:13:37,21,113.47619047619048,2383,0.0449396655673072,18,196.66666666666663,3540,0.0552589363521999,0,4.2,10.8,6.2,4.6,3.4,2.2,0.308,0.086,-1.0,6372.0,20.0,-115.0,5.599999999999999
2025-11-05 00:13:38,14,112.71428571428572,1578,0.0725375073296683,18,207.16666666666663,3729,0.0547528399361504,0,4.6,9.2,5.6,5.0,3.8,2.6,0.192,0.054,-1.0,652.8,20.0,-112.0,5.599999999999999
2025-11-05 00:13:39,26,112.46153846153848,2924,0.0406256547340979,22,195.22727272727272,4295,0.047950267791748,0,4.0,10.8,5.6,4.4,3.8,2.0,0.28,0.068,-1.0,6369.6,20.0,-112.33333333333331,5.599999999999999
2025-11-05 00:13:40,36,114.27777777777776,4114,0.026756637626224,21,190.0952380952381,3992,0.0470553352719261,0,4.2,9.8,5.8,4.4,3.8,2.4,0.234,0.036,-1.0,2078.4,20.0,-113.0,31.2
2025-11-05 00:13:41,44,118.13636363636364,5198,0.0234471830454739,18,178.38888888888889,3211,0.0553261041641235,0,5.0,9.8,5.6,4.6,3.6,2.6,0.2279999999999999,0.044,-1.0,2154.0,20.0,-114.66666666666669,14.133333333333333
2025-11-05 00:13:42,52,117.0,6084,0.0194333241536067,17,207.8823529411765,3534,0.0578575414769789,0,4.2,9.8,5.8,4.4,3.8,2.4,0.234,0.036,-1.0,2078.4,20.0,-113.0,31.2
2025-11-05 00:13:43,28,115.21428571428572,3226,0.0349977186747959,17,190.1764705882353,3233,0.0583516990437227,1,5.2,10.8,7.2,4.4,4.4,2.8,0.29,0.0739999999999999,-1.0,11598.4,20.0,-112.66666666666669,31.2
2025-11-05 00:13:44,23,112.91304347826087,2597,0.0425803454025932,21,177.61904761904762,3730,0.0470955258324032,0,5.2,10.2,5.2,4.6,3.8,3.0,0.208,0.044,-1.0,2257.4,20.0,-110.66666666666669,-2.9333333333333336
2025-11-05 00:13:45,16,114.8125,1837,0.0612206906080246,19,181.3684210526316,3446,0.0521996774171528,0,5.4,10.2,8.2,4.4,4.4,3.4,0.2759999999999999,0.0739999999999999,-1.0,11554.0,20.0,-112.66666666666669,14.133333333333333
2025-11-05 00:13:46,16,112.875,1806,0.0663985610008239,21,184.1904761904762,3868,0.0504289127531505,0,6.0,9.6,9.0,4.8,4.6,4.2,0.2539999999999999,0.06,-1.0,11526.6,20.0,-113.0,22.666666666666668
2025-11-05 00:13:47,8,116.75,934,0.1237752437591552,18,178.94444444444446,3221,0.0550073252783881,0,5.4,10.2,8.2,4.4,4.4,3.4,0.2759999999999999,0.0739999999999999,-1.0,11554.0,20.0,-112.66666666666669,14.133333333333333
2025-11-05 00:13:48,3,119.0,357,0.3066399892171224,23,155.91304347826087,3586,0.0438680959784466,0,5.8,9.0,8.6,5.4,3.8,5.0,0.21,0.052,-1.0,288.6,20.0,-108.33333333333331,14.133333333333333
2025-11-05 00:13:49,5,122.6,613,0.184758186340332,22,177.63636363636363,3908,0.0440934896469116,0,6.4,9.0,9.6,5.8,4.2,4.2,0.25,0.056,-1.0,11515.4,20.0,-109.66666666666669,14.133333333333333
2025-11-05 00:13:50,33,112.12121212121212,3700,0.0344830354054768,28,158.71428571428572,4444,0.0367841805730547,0,6.0,8.2,8.0,6.0,4.0,4.6,0.194,0.044,-1.0,271.0,20.0,-114.33333333333331,-2.9333333333333336
2025-11-05 00:13:51,15,112.46666666666668,1687,0.067928663889567,18,168.05555555555554,3025,0.052554620636834,0,6.4,9.0,9.6,5.8,4.2,4.2,0.25,0.056,-1.0,11515.4,20.0,-109.66666666666669,14.133333333333333
2025-11-05 00:13:52,22,112.22727272727272,2469,0.0456370440396395,18,176.22222222222223,3172,0.0586506658130221,0,6.8,7.0,7.8,6.4,4.2,5.4,0.174,0.044,-1.0,165.8,20.0,-110.66666666666669,5.599999999999999
2025-11-05 00:13:53,23,140.1304347826087,3223,0.0425721355106519,23,175.04347826086956,4026,0.0432370434636655,0,7.0,6.8,8.8,6.6,3.6,4.0,0.236,0.036,-1.0,82.8,20.0,-107.66666666666669,14.133333333333333
2025-11-05 00:13:54,23,115.65217391304348,2660,0.0439599493275518,19,197.3684210526316,3750,0.0518584627854196,0,7.2,6.2,8.2,6.8,4.0,5.2,0.192,0.044,-1.0,2218.0,20.0,-112.66666666666669,-11.466666666666669
2025-11-05 00:13:55,20,111.6,2232,0.0478931546211242,20,196.5,3930,0.0496726036071777,0,7.4,6.6,7.8,6.8,4.0,4.8,0.182,0.022,-1.0,2228.2,20.0,-109.33333333333331,31.2
2025-11-05 00:13:56,21,110.76190476190476,2326,0.0492423829578218,19,174.52631578947367,3316,0.0521072086535002,0,7.2,6.2,8.2,6.8,4.0,5.2,0.192,0.044,-1.0,2218.0,20.0,-112.66666666666669,-11.466666666666669
2025-11-05 00:13:57,23,112.91304347826087,2597,0.0435665586720342,17,198.41176470588235,3373,0.0579264724955839,0,8.2,7.2,8.0,6.6,3.4,3.4,0.236,0.054,-1.0,95.0,20.0,-108.0,-2.9333333333333336
2025-11-05 00:13:58,42,114.28571428571428,4800,0.0228323368799118,20,185.5,3710,0.0510164022445678,0,8.4,7.2,5.8,6.0,4.0,3.8,0.144,0.016,-1.0,2247.6,20.0,-109.0,14.133333333333333
2025-11-05 00:13:59,28,170.17857142857142,4765,0.0350483570780072,31,144.5483870967742,4481,0.0330985822985249,0,9.0,7.8,6.2,5.6,3.8,4.0,0.1899999999999999,0.052,-1.0,2211.2,20.0,-110.66666666666669,14.133333333333333
2025-11-05 00:14:00,4,127.0,508,0.2173912525177002,22,138.1818181818182,3040,0.0454799045215953,0,8.8,7.6,5.4,5.6,3.8,5.0,0.122,0.016,-1.0,2328.8,20.0,-106.0,31.2
2025-11-05 00:14:01,5,131.8,659,0.1853640079498291,23,136.65217391304347,3143,0.0425959981006124,0,8.0,7.8,5.8,5.6,3.6,4.2,0.12,0.008,-1.0,2328.6,20.0,-108.66666666666669,-11.466666666666669
2025-11-05 00:14:02,5,114.0,570,0.2465147972106933,22,147.9090909090909,3254,0.0452316891063343,0,7.2,8.2,6.2,5.4,3.6,3.0,0.144,0.038,-1.0,2187.6,20.0,-109.0,5.599999999999999
2025-11-05 00:14:03,3,119.0,357,0.3073676427205403,23,135.8695652173913,3125,0.0438533865887185,0,8.0,7.8,5.8,5.6,3.6,4.2,0.12,0.008,-1.0,2328.6,20.0,-108.66666666666669,-11.466666666666669
2025-11-05 00:14:04,13,236.3846153846154,3073,0.0710994647099421,31,133.29032258064515,4132,0.0312960686222199,0,7.8,7.8,6.0,5.8,3.8,3.8,0.12,0.018,-1.0,11083.8,20.0,-108.0,31.2
2025-11-05 00:14:05,3,119.0,357,0.3083020051320393,21,138.61904761904762,2911,0.0487617538088843,0,6.6,8.0,7.4,5.4,3.6,3.2,0.144,0.028,-1.0,2240.0,20.0,-109.0,31.2
2025-11-05 00:14:06,4,119.0,476,0.3085089921951294,22,153.63636363636363,3380,0.0465878681703047,0,7.8,7.4,5.2,6.0,3.2,3.2,0.134,0.036,-1.0,11069.4,20.0,-109.66666666666669,22.666666666666668
2025-11-05 00:14:07,4,112.75,451,0.2306270003318786,22,148.9090909090909,3276,0.0446316328915682,0,6.6,8.0,6.2,5.6,3.8,2.8,0.1399999999999999,0.032,-1.0,2225.2,20.0,-109.33333333333331,14.133333333333333
2025-11-05 00:14:08,4,127.0,508,0.2342255115509033,22,162.5909090909091,3577,0.0430057699030095,0,7.2,7.8,5.0,6.2,3.0,2.8,0.136,0.036,-1.0,11053.4,20.0,-109.66666666666669,5.599999999999999
2025-11-05 00:14:09,6,117.83333333333331,707,0.1522156397501627,25,165.2,4130,0.0415874481201171,0,6.4,7.8,6.6,6.6,3.2,2.0,0.172,0.052,-1.0,10962.6,20.0,-107.0,31.2
2025-11-05 00:14:10,5,125.4,627,0.2471044063568115,23,171.69565217391303,3949,0.0430410841236943,0,7.2,7.8,5.0,6.2,3.0,2.8,0.136,0.036,-1.0,11053.4,20.0,-109.66666666666669,5.599999999999999
2025-11-05 00:14:11,6,125.5,753,0.1693763335545857,24,151.5,3636,0.0426432490348815,0,5.0,7.2,9.0,6.8,3.8,2.0,0.2319999999999999,0.064,-1.0,3235.6,20.0,-106.66666666666669,31.2
2025-11-05 00:14:12,5,120.4,602,0.1659361839294433,26,151.0,3926,0.0391895404228797,0,5.6,7.8,8.8,7.2,3.2,2.0,0.204,0.06,-1.0,10961.6,20.0,-108.66666666666669,31.2
2025-11-05 00:14:13,3,119.0,357,0.3088757197062174,21,158.23809523809524,3323,0.0471880435943603,0,5.0,7.2,10.4,7.4,4.2,2.2,0.2559999999999999,0.058,-1.0,3225.6,20.0,-106.33333333333331,5.599999999999999
2025-11-05 00:14:14,6,122.0,732,0.2051186561584472,23,147.34782608695653,3389,0.0430883013683816,0,4.2,7.0,12.0,8.2,4.0,1.8,0.2619999999999999,0.088,-1.0,3160.4,20.0,-104.33333333333331,39.73333333333333
2025-11-05 00:14:15,4,112.75,451,0.2306532263755798,22,152.6818181818182,3359,0.0450330539183183,0,5.0,7.2,10.4,7.4,4.2,2.2,0.2559999999999999,0.058,-1.0,3225.6,20.0,-106.33333333333331,5.599999999999999
2025-11-05 00:14:16,5,109.0,545,0.1849586009979248,25,144.28,3607,0.0396986770629882,0,4.0,7.0,12.2,8.6,3.4,2.0,0.264,0.038,-1.0,2087.4,20.0,-106.0,56.79999999999999
2025-11-05 00:14:17,6,153.83333333333334,923,0.1808355251948038,26,172.84615384615384,4494,0.0379071143957284,0,3.6,6.0,13.0,9.4,3.8,2.0,0.226,0.078,-1.0,3156.4,20.0,-103.33333333333331,14.133333333333333
2025-11-05 00:14:18,4,118.75,475,0.2681679725646972,21,150.76190476190476,3166,0.0472003391810825,0,3.8,6.0,14.0,10.4,3.8,2.0,0.238,0.038,-1.0,2105.4,20.0,-106.66666666666669,22.666666666666668
2025-11-05 00:14:19,6,117.83333333333331,707,0.1539825201034546,27,142.5185185185185,3848,0.0390491838808412,0,3.6,5.4,13.6,10.8,3.6,2.2,0.1639999999999999,0.06,-1.0,1194.6,20.0,-102.66666666666669,22.666666666666668
2025-11-05 00:14:20,3,119.0,357,0.3087943394978841,21,152.61904761904762,3205,0.0471349443708147,0,3.8,6.0,14.0,10.4,3.8,2.0,0.238,0.038,-1.0,2105.4,20.0,-106.66666666666669,22.666666666666668
2025-11-05 00:14:21,4,127.0,508,0.2311412096023559,22,155.04545454545453,3411,0.0458105910908092,0,3.8,4.8,11.6,12.2,3.4,2.0,0.182,0.056,-1.0,7008.0,20.0,-102.0,31.2
2025-11-05 00:14:22,6,129.66666666666666,778,0.2051658630371093,23,151.52173913043478,3485,0.0423116994940716,0,4.8,4.6,11.0,12.2,3.8,1.8,0.198,0.014,-1.0,2111.8,20.0,-99.33333333333331,-11.466666666666669
2025-11-05 00:14:23,4,127.0,508,0.2314592003822326,22,147.9090909090909,3254,0.0468485897237604,0,4.6,4.2,11.0,12.8,3.2,2.2,0.242,0.066,-1.0,7907.4,20.0,-104.0,48.26666666666667
2025-11-05 00:14:24,6,127.33333333333331,764,0.154250701268514,25,153.4,3835,0.039135046005249,0,5.2,4.0,9.0,13.0,3.6,2.0,0.26,0.038,-1.0,8148.6,20.0,-100.33333333333331,14.133333333333333
2025-11-05 00:14:25,4,127.0,508,0.2307789921760559,22,161.4090909090909,3551,0.0438184087926691,0,6.8,4.4,8.4,13.2,3.8,1.8,0.178,0.018,-1.0,5519.0,20.0,-99.66666666666669,22.666666666666668
2025-11-05 00:14:26,8,151.625,1213,0.1539736092090606,26,171.03846153846155,4447,0.0406689185362595,0,5.2,4.0,9.0,13.0,3.6,2.0,0.26,0.038,-1.0,8148.6,20.0,-100.33333333333331,14.133333333333333
2025-11-05 00:14:27,3,119.0,357,0.3084053198496501,23,154.56521739130434,3555,0.0437063445215639,0,7.6,4.2,7.4,13.4,3.8,2.0,0.296,0.044,-1.0,8159.0,20.0,-99.66666666666669,5.599999999999999
2025-11-05 00:14:28,5,131.8,659,0.2050323963165283,19,146.0,2774,0.0468362632550691,0,6.8,4.2,7.8,13.2,3.6,1.8,0.22,0.026,-1.0,5499.6,20.0,-101.0,22.666666666666668
2025-11-05 00:14:29,13,133.46153846153845,1735,0.075147848862868,34,139.0,4726,0.0314747375600478,0,7.6,4.2,8.0,13.0,4.2,2.0,0.366,0.088,-1.0,9906.6,20.0,-99.66666666666669,-20.0
2025-11-05 00:14:30,5,125.4,627,0.2159704208374023,22,140.45454545454547,3090,0.0451085025613958,0,7.8,4.2,9.0,12.6,4.2,2.4,0.3379999999999999,0.0819999999999999,-1.0,4087.0,20.0,-99.33333333333331,5.599999999999999
2025-11-05 00:14:31,4,112.75,451,0.2308917641639709,25,140.32,3508,0.0418497562408447,0,6.2,4.2,9.0,13.0,4.0,1.8,0.284,0.054,-1.0,5501.8,20.0,-99.66666666666669,31.2
2025-11-05 00:14:32,4,127.0,508,0.2309522032737732,22,154.6818181818182,3403,0.0434075485576282,0,7.8,4.2,9.0,12.6,4.2,2.4,0.3379999999999999,0.0819999999999999,-1.0,4087.0,20.0,-99.33333333333331,5.599999999999999
2025-11-05 00:14:33,11,198.27272727272728,2181,0.084779370914806,33,227.8181818181818,7518,0.0313833626833829,0,8.0,4.2,7.8,12.8,3.8,1.8,0.264,0.104,-1.0,3193.4,20.0,-107.0,-2.9333333333333336
2025-11-05 00:14:34,8,129.25,1034,0.1535228788852691,25,146.96,3674,0.0395598411560058,0,8.6,5.0,8.0,12.6,4.8,2.4,0.312,0.082,-1.0,3760.8,20.0,-102.0,-20.0
2025-11-05 00:14:35,4,127.0,508,0.2307749986648559,22,157.6818181818182,3469,0.045048865404996,0,8.6,4.6,7.0,12.2,3.8,2.0,0.224,0.094,-1.0,2979.0,20.0,-101.66666666666669,22.666666666666668
2025-11-05 00:14:36,4,127.0,508,0.2306619882583618,24,144.33333333333334,3464,0.0411643286546071,0,7.8,5.4,7.2,11.6,4.6,2.4,0.254,0.09,-1.0,3762.8,20.0,-101.33333333333331,-2.9333333333333336
2025-11-05 00:14:37,5,131.8,659,0.1856034278869628,25,147.08,3677,0.0410088443756103,0,7.2,5.0,7.4,10.6,3.6,1.8,0.2219999999999999,0.088,-1.0,2973.4,20.0,-109.0,31.2
2025-11-05 00:14:38,5,131.8,659,0.1847568035125732,22,156.27272727272728,3438,0.0434611385518854,0,8.2,6.0,5.8,10.2,4.8,2.2,0.228,0.102,-1.0,3768.4,20.0,-104.33333333333331,-2.9333333333333336
2025-11-05 00:14:39,8,129.25,1034,0.1540201008319854,24,161.375,3873,0.0437834163506825,0,9.8,6.8,4.0,9.0,5.0,2.6,0.182,0.096,-1.0,9668.8,20.0,-106.0,22.666666666666668
2025-11-05 00:14:40,6,116.0,696,0.153837521870931,24,161.45833333333334,3875,0.0420008699099222,0,8.2,6.0,5.8,10.2,4.8,2.2,0.228,0.102,-1.0,3768.4,20.0,-104.33333333333331,-2.9333333333333336
2025-11-05 00:14:41,9,146.11111111111111,1315,0.1144060028923882,31,162.61290322580646,5041,0.0313733239327707,0,9.8,6.8,4.0,9.0,5.0,2.6,0.182,0.096,-1.0,9668.8,20.0,-106.0,22.666666666666668
2025-11-05 00:14:44,22,120.13636363636364,2643,0.0470484061674638,25,169.32,4233,0.038871841430664,0,7.4,7.6,3.6,7.0,4.4,2.6,0.104,0.058,-1.0,5978.6,20.0,-109.33333333333331,31.2
2025-11-05 00:14:45,23,112.91304347826087,2597,0.0429280011550239,21,168.38095238095238,3536,0.0504177070799328,0,7.4,8.0,3.6,7.2,3.2,1.8,0.166,0.078,-1.0,1678.2,20.0,-107.66666666666669,14.133333333333333
2025-11-05 00:14:46,30,111.96666666666668,3359,0.0310752312342325,18,180.94444444444449,3257,0.0555717282825046,0,7.2,7.8,4.0,6.4,4.4,3.0,0.128,0.06,-1.0,5997.6,20.0,-110.66666666666669,14.133333333333333
2025-11-05 00:14:47,46,115.1304347826087,5296,0.0232049589571745,18,191.11111111111111,3440,0.0547160572475857,0,7.4,8.0,4.2,6.2,4.2,4.0,0.144,0.046,-1.0,6034.8,20.0,-109.33333333333331,31.2
2025-11-05 00:14:48,52,112.71153846153848,5861,0.0190536333964421,18,197.72222222222223,3559,0.0553125010596381,0,7.2,7.8,4.0,6.4,4.4,3.0,0.128,0.06,-1.0,5997.6,20.0,-110.66666666666669,14.133333333333333
2025-11-05 00:14:49,50,115.18,5759,0.0203151798248291,21,163.71428571428572,3438,0.0465912364778064,0,6.8,8.4,4.6,6.4,3.6,3.4,0.168,0.078,-1.0,1714.4,20.0,-110.66666666666669,31.2
2025-11-05 00:14:50,35,114.48571428571428,4007,0.0266291413988385,20,161.85,3237,0.0498003005981445,0,6.8,7.8,5.2,6.0,3.6,4.2,0.152,0.038,-1.0,536.2,20.0,-109.33333333333331,-2.9333333333333336
2025-11-05 00:14:51,34,115.82352941176472,3938,0.031461617525886,20,155.6,3112,0.0492462992668151,0,7.2,8.0,5.0,6.2,3.6,4.4,0.15,0.052,-1.0,1721.8,20.0,-111.0,14.133333333333333
2025-11-05 00:14:52,36,114.75,4131,0.0269659757614135,23,149.30434782608697,3434,0.0460475216741147,0,7.8,7.2,5.6,6.4,3.6,4.6,0.154,0.046,-1.0,539.8,20.0,-109.0,56.79999999999999
2025-11-05 00:14:53,13,113.0,1469,0.0743045990283672,18,148.61111111111111,2675,0.0548393858803643,0,7.2,8.0,5.0,6.2,3.6,4.4,0.15,0.052,-1.0,1721.8,20.0,-111.0,14.133333333333333
2025-11-05 00:14:54,21,117.85714285714286,2475,0.0508250963120233,23,138.30434782608697,3181,0.0429964376532513,0,8.0,6.8,6.0,7.0,3.0,4.4,0.164,0.036,-1.0,523.8,20.0,-109.33333333333331,14.133333333333333
2025-11-05 00:14:55,13,113.0,1469,0.0754873202397273,18,146.11111111111111,2630,0.0549897220399644,0,8.6,6.4,4.6,7.2,3.4,4.8,0.122,0.03,-1.0,2044.2,20.0,-108.0,14.133333333333333
2025-11-05 00:14:56,25,113.4,2835,0.0408870410919189,20,138.15,2763,0.0507508993148803,0,8.2,6.0,6.0,7.8,3.0,4.2,0.154,0.026,-1.0,571.2,20.0,-108.33333333333331,48.26666666666666
2025-11-05 00:14:57,42,110.23809523809524,4630,0.0232983316693987,18,147.77777777777777,2660,0.0537093877792358,0,8.4,5.8,5.4,8.0,3.2,5.0,0.118,0.04,-1.0,2035.2,20.0,-107.66666666666669,31.2
2025-11-05 00:14:58,33,114.3939393939394,3775,0.0303928490841027,17,155.11764705882354,2637,0.0582412270938648,0,8.2,6.0,6.0,7.8,3.0,4.2,0.154,0.026,-1.0,571.2,20.0,-108.33333333333331,48.26666666666666
2025-11-05 00:14:59,30,149.76666666666668,4493,0.0311595280965169,21,138.0952380952381,2900,0.0503956703912644,0,8.0,5.0,4.8,8.2,3.2,4.4,0.158,0.08,-1.0,2086.4,20.0,-105.66666666666669,31.2
2025-11-05 00:15:00,18,114.22222222222224,2056,0.0587181117799547,18,152.77777777777777,2750,0.0550623867246839,0,7.2,5.4,7.6,8.8,2.8,2.8,0.24,0.072,-1.0,5871.0,20.0,-113.0,14.133333333333333
2025-11-05 00:15:01,15,112.46666666666668,1687,0.0686840057373046,19,139.1578947368421,2644,0.0518557899876644,0,7.6,4.8,4.8,8.2,3.2,3.4,0.232,0.088,-1.0,2107.8,20.0,-108.0,14.133333333333333
2025-11-05 00:15:02,19,116.15789473684212,2207,0.0526358453850997,17,162.35294117647058,2760,0.0589804088368135,0,6.4,5.2,5.0,7.8,3.2,2.8,0.284,0.094,-1.0,2126.2,20.0,-107.33333333333331,14.133333333333333
2025-11-05 00:15:03,40,112.525,4501,0.0246176958084106,19,157.94736842105263,3001,0.0513623262706555,0,7.6,4.8,4.8,8.2,3.2,3.4,0.232,0.088,-1.0,2107.8,20.0,-108.0,14.133333333333333
2025-11-05 00:15:04,52,115.96153846153848,6030,0.0189148691984323,17,182.23529411764707,3098,0.0582458692438462,0,6.0,7.2,6.2,8.2,2.8,1.8,0.2299999999999999,0.074,-1.0,6011.6,20.0,-114.33333333333331,39.73333333333333
2025-11-05 00:15:05,28,115.07142857142856,3222,0.0360391054834638,19,163.21052631578948,3101,0.0557890565771805,0,5.6,6.0,5.4,6.8,3.4,3.2,0.28,0.092,-1.0,1013.8,20.0,-108.33333333333331,5.599999999999999
2025-11-05 00:15:06,32,110.625,3540,0.0303044691681861,20,169.5,3390,0.0494302034378051,0,5.6,8.0,6.4,7.4,2.8,2.2,0.222,0.074,-1.0,6068.8,20.0,-108.66666666666669,22.666666666666668
2025-11-05 00:15:07,46,112.15217391304348,5159,0.0228091530177904,18,166.38888888888889,2995,0.0547922717200385,0,5.0,8.6,6.4,6.6,2.8,2.6,0.196,0.074,-1.0,6034.4,20.0,-108.66666666666669,31.2
2025-11-05 00:15:08,40,111.25,4450,0.0249918460845947,21,155.61904761904762,3268,0.0472178572700137,0,5.6,8.0,6.4,7.4,2.8,2.2,0.222,0.074,-1.0,6068.8,20.0,-108.66666666666669,22.666666666666668
2025-11-05 00:15:09,30,113.63333333333334,3409,0.0333014647165934,20,154.55,3091,0.0496764063835144,0,5.4,7.2,5.2,6.0,3.6,3.2,0.252,0.054,-1.0,985.8,20.0,-114.33333333333331,-2.9333333333333336
2025-11-05 00:15:10,52,114.8076923076923,5970,0.0188389833156879,21,151.47619047619048,3181,0.0488554296039399,0,5.4,8.6,5.2,5.8,3.0,3.0,0.102,0.036,-1.0,695.4,20.0,-109.33333333333331,14.133333333333333
2025-11-05 00:15:11,27,115.74074074074076,3125,0.0378895953849509,19,155.68421052631578,2958,0.0501897836986341,0,5.4,7.6,5.6,5.6,3.6,3.8,0.19,0.046,-1.0,1002.6,20.0,-109.33333333333331,48.26666666666667
2025-11-05 00:15:12,26,116.0,3016,0.0380798394863422,19,156.42105263157896,2972,0.0556268942983526,0,6.2,8.8,4.4,5.2,2.8,3.4,0.09,0.03,-1.0,708.2,20.0,-110.66666666666669,14.133333333333333
2025-11-05 00:15:13,36,115.83333333333331,4170,0.0252048373222351,21,155.85714285714286,3273,0.0469120457058861,0,5.4,7.6,5.6,5.6,3.6,3.8,0.19,0.046,-1.0,1002.6,20.0,-109.33333333333331,48.26666666666667
2025-11-05 00:15:14,21,115.0952380952381,2417,0.0506356670742943,20,147.9,2958,0.0497738480567932,0,6.8,7.8,5.2,5.0,3.0,4.2,0.098,0.026,-1.0,608.4,20.0,-109.33333333333331,-2.9333333333333336
2025-11-05 00:15:15,25,115.72,2893,0.0391994380950927,21,137.23809523809524,2882,0.047048773084368,0,6.8,7.2,5.8,5.4,3.6,4.0,0.128,0.02,-1.0,2103.4,20.0,-108.33333333333331,39.73333333333333
2025-11-05 00:15:16,25,112.76,2819,0.0409455966949462,18,169.94444444444446,3059,0.0549992720286051,0,6.4,7.2,6.2,5.2,3.0,4.2,0.112,0.026,-1.0,482.8,20.0,-109.33333333333331,14.133333333333333
2025-11-05 00:15:17,29,110.79310344827586,3213,0.034910826847471,20,140.05,2801,0.049492597579956,0,6.8,6.8,6.2,5.6,3.4,4.0,0.116,0.03,-1.0,488.2,20.0,-108.33333333333331,14.133333333333333
2025-11-05 00:15:18,27,110.92592592592592,2995,0.0370662653887713,19,148.57894736842104,2823,0.0553388972031442,0,6.4,7.2,6.2,5.2,3.0,4.2,0.112,0.026,-1.0,482.8,20.0,-109.33333333333331,14.133333333333333
2025-11-05 00:15:19,43,113.09302325581396,4863,0.0230695314185563,21,155.47619047619048,3265,0.0476050036294119,0,7.2,6.6,6.4,5.4,3.4,4.0,0.088,0.004,-1.0,2280.4,20.0,-107.66666666666669,14.133333333333333
2025-11-05 00:15:20,36,112.33333333333331,4044,0.0283927255206637,19,147.73684210526315,2807,0.0528104179783871,0,7.0,6.6,6.4,5.8,3.2,4.2,0.126,0.022,-1.0,149.6,20.0,-108.33333333333331,48.26666666666667
2025-11-05 00:15:21,14,115.71428571428572,1620,0.0692276443753923,19,129.47368421052633,2460,0.0511364183927837,0,7.4,6.2,6.4,6.0,3.4,4.2,0.0679999999999999,0.02,-1.0,2519.4,20.0,-108.33333333333331,-2.9333333333333336
2025-11-05 00:15:22,16,114.875,1838,0.0646630525588989,19,140.42105263157896,2668,0.0523916294700221,0,6.4,5.8,7.2,6.6,3.2,4.0,0.092,0.022,-1.0,119.0,20.0,-108.0,31.2
2025-11-05 00:15:23,15,115.26666666666668,1729,0.0623714129130045,19,143.89473684210526,2734,0.053327108684339,0,6.2,5.4,9.4,6.8,3.0,3.6,0.124,0.042,-1.0,90.0,20.0,-107.66666666666669,39.73333333333333
2025-11-05 00:15:24,22,113.0909090909091,2488,0.0455289537256414,23,145.8695652173913,3355,0.0417049553083336,0,6.4,5.8,7.2,6.6,3.2,4.0,0.092,0.022,-1.0,119.0,20.0,-108.0,31.2
2025-11-05 00:15:25,15,115.26666666666668,1729,0.0707045237223307,17,164.23529411764707,2792,0.0583076477050781,0,8.2,5.4,8.6,6.8,3.4,4.2,0.194,0.078,-1.0,1731.2,20.0,-106.0,31.2
2025-11-05 00:15:26,13,113.0,1469,0.0742710737081674,20,159.55,3191,0.0528097510337829,0,6.8,5.8,8.4,7.0,3.2,3.0,0.172,0.05,-1.0,3021.8,20.0,-106.0,14.133333333333333
2025-11-05 00:15:27,21,109.47619047619048,2299,0.0487048171815418,18,156.27777777777777,2813,0.0549341705110338,0,8.0,5.2,8.8,7.0,3.4,3.8,0.206,0.102,-1.0,1520.8,20.0,-103.33333333333331,31.2
2025-11-05 00:15:28,26,123.26923076923076,3205,0.0390887627234825,27,145.2962962962963,3923,0.0366762214236789,0,9.2,6.6,10.6,6.6,3.4,3.6,0.3299999999999999,0.12,-1.0,1688.0,20.0,-107.0,39.73333333333333
2025-11-05 00:15:29,33,131.1818181818182,4329,0.0299684278892748,27,167.8148148148148,4531,0.036844218218768,0,8.0,5.2,8.8,7.0,3.4,3.8,0.206,0.102,-1.0,1520.8,20.0,-103.33333333333331,31.2
2025-11-05 00:15:30,17,114.52941176470588,1947,0.0586021226995131,19,166.05263157894737,3155,0.0517890578822085,0,5.2,6.2,8.8,6.6,3.0,2.8,0.186,0.066,-1.0,3250.0,20.0,-108.33333333333331,-2.9333333333333336
2025-11-05 00:15:31,17,113.11764705882354,1923,0.0573669882381663,18,179.72222222222223,3235,0.0550136698616875,0,8.0,8.0,10.4,5.8,3.8,3.0,0.348,0.118,-1.0,5333.8,20.0,-107.33333333333331,22.666666666666668
2025-11-05 00:15:32,19,129.47368421052633,2460,0.0542982126537122,22,172.72727272727272,3800,0.0482882261276245,0,4.4,7.6,8.2,5.6,3.2,2.6,0.23,0.066,-1.0,3279.2,20.0,-106.66666666666669,14.133333333333333
2025-11-05 00:15:33,27,114.66666666666669,3096,0.0371230355015507,21,172.71428571428572,3627,0.0469004767281668,0,8.0,8.0,10.4,5.8,3.8,3.0,0.348,0.118,-1.0,5333.8,20.0,-107.33333333333331,22.666666666666668
2025-11-05 00:15:34,31,113.87096774193547,3530,0.0323277442686019,20,182.55,3651,0.0496232509613037,0,4.0,9.2,6.6,4.6,3.6,2.8,0.202,0.04,-1.0,3279.2,20.0,-109.0,22.666666666666668
2025-11-05 00:15:35,42,114.35714285714286,4803,0.0235642137981596,20,199.8,3996,0.04926038980484,0,5.8,11.4,9.2,4.0,4.0,3.2,0.244,0.064,-1.0,4216.2,20.0,-109.33333333333331,-2.9333333333333336
2025-11-05 00:15:36,27,114.70370370370372,3097,0.0362835195329454,19,206.94736842105263,3932,0.0522027392136423,0,3.6,10.2,7.4,4.0,3.6,3.6,0.176,0.026,-1.0,638.0,20.0,-108.66666666666669,-2.9333333333333336
2025-11-05 00:15:37,32,114.9375,3678,0.0266169384121894,20,190.55,3811,0.049758505821228,0,3.4,11.2,7.0,4.0,3.8,3.8,0.186,0.016,-1.0,653.8,20.0,-111.0,5.599999999999999
2025-11-05 00:15:38,23,115.52173913043478,2657,0.0515236958213474,19,195.6315789473684,3717,0.0552822539680882,0,3.6,10.2,7.4,4.0,3.6,3.6,0.176,0.026,-1.0,638.0,20.0,-108.66666666666669,-2.9333333333333336
2025-11-05 00:15:39,20,116.35,2327,0.0490697503089904,20,184.5,3690,0.0498637080192565,0,3.6,12.0,7.4,3.6,4.0,3.2,0.154,0.018,-1.0,4059.8,20.0,-112.33333333333331,31.2
2025-11-05 00:15:41,17,113.41176470588236,1928,0.0617496967315673,19,187.3684210526316,3560,0.0521716820566277,0,4.0,11.4,8.0,3.6,3.8,3.4,0.134,0.014,-1.0,515.6,20.0,-111.33333333333331,22.666666666666668
2025-11-05 00:15:43,27,110.92592592592592,2995,0.0357499210922806,18,177.22222222222223,3190,0.0547884967592027,0,4.6,12.6,8.4,3.4,3.8,3.6,0.142,0.014,-1.0,494.8,20.0,-111.0,22.666666666666668
2025-11-05 00:15:45,32,116.15625,3717,0.0306610316038131,16,211.375,3382,0.0618108212947845,0,4.6,12.0,6.6,3.6,3.4,2.8,0.178,0.022,-1.0,2111.4,20.0,-111.33333333333331,22.666666666666668
2025-11-05 00:15:46,18,124.27777777777776,2237,0.0564929511811998,28,181.6071428571429,5085,0.0360355717795235,0,4.4,10.8,6.4,4.4,4.0,3.4,0.182,0.0699999999999999,-1.0,3745.8,20.0,-110.33333333333331,31.2
2025-11-05 00:15:47,12,117.66666666666669,1412,0.0802884896596272,21,183.0952380952381,3845,0.0462943712870279,0,4.8,12.2,6.0,4.0,3.6,2.6,0.172,0.032,-1.0,2102.6,20.0,-110.66666666666669,22.666666666666668
2025-11-05 00:15:48,29,110.79310344827586,3213,0.0356623797581113,19,197.1052631578948,3745,0.0520433250226472,0,5.0,11.4,5.8,4.2,3.6,2.6,0.1679999999999999,0.038,-1.0,2107.4,20.0,-109.66666666666669,5.599999999999999
2025-11-05 00:15:49,43,112.86046511627907,4853,0.0230323492094527,23,190.8260869565217,4389,0.0437394743380339,0,4.8,12.2,6.0,4.0,3.6,2.6,0.172,0.032,-1.0,2102.6,20.0,-110.66666666666669,22.666666666666668
2025-11-05 00:15:50,33,111.84848484848484,3691,0.0300797910401315,19,186.21052631578948,3538,0.0520005226135253,0,4.8,9.4,6.4,5.2,4.4,3.0,0.238,0.0559999999999999,-1.0,3810.6,20.0,-109.33333333333331,22.666666666666668
2025-11-05 00:15:51,26,112.6153846153846,2928,0.0389653811087975,19,184.8947368421053,3513,0.055051050688091,0,5.0,10.8,5.4,4.8,3.4,2.6,0.212,0.04,-1.0,8410.0,20.0,-109.66666666666669,14.133333333333333
2025-11-05 00:15:52,14,112.71428571428572,1578,0.0682219948087419,18,193.44444444444449,3482,0.0549822251001993,0,4.6,8.2,5.8,6.2,4.6,2.8,0.2779999999999999,0.04,-1.0,3854.0,20.0,-110.33333333333331,5.599999999999999
2025-11-05 00:15:53,32,110.625,3540,0.0313821285963058,19,194.26315789473685,3691,0.0518652639890971,0,5.0,10.8,5.4,4.8,3.4,2.6,0.212,0.04,-1.0,8410.0,20.0,-109.66666666666669,14.133333333333333
2025-11-05 00:15:54,26,114.07692307692308,2966,0.038861503967872,21,177.8095238095238,3734,0.0472249076479957,0,4.8,7.6,6.4,7.0,4.6,2.8,0.276,0.036,-1.0,3843.6,20.0,-109.66666666666669,14.133333333333333
2025-11-05 00:15:55,14,112.71428571428572,1578,0.0724131379808698,18,197.61111111111111,3557,0.0556865003373887,0,4.8,7.4,7.0,6.4,3.6,3.0,0.1699999999999999,0.034,-1.0,6793.8,20.0,-109.33333333333331,14.133333333333333
2025-11-05 00:15:56,15,114.26666666666668,1714,0.0674688657124837,20,188.7,3774,0.0488584995269775,0,4.6,7.0,8.4,7.2,4.2,3.0,0.262,0.038,-1.0,204.0,20.0,-109.0,22.666666666666668
2025-11-05 00:15:57,19,115.94736842105264,2203,0.050321152335719,20,194.4,3888,0.0506405472755432,0,4.8,7.4,7.0,6.4,3.6,3.0,0.1699999999999999,0.034,-1.0,6793.8,20.0,-109.33333333333331,14.133333333333333
2025-11-05 00:15:58,19,120.05263157894736,2281,0.054709371767546,21,182.52380952380952,3833,0.0462434291839599,0,4.4,7.0,10.4,7.4,4.4,3.4,0.232,0.056,-1.0,185.8,20.0,-109.0,-20.0
2025-11-05 00:15:59,31,116.41935483870968,3609,0.0312290037831952,21,170.71428571428572,3585,0.0502002920423235,0,4.4,6.4,9.2,7.2,3.6,3.2,0.1619999999999999,0.058,-1.0,7206.4,20.0,-110.33333333333331,22.666666666666668
2025-11-05 00:16:00,28,116.07142857142856,3250,0.03640992300851,18,190.11111111111111,3422,0.0564219951629638,0,4.2,7.0,10.0,7.4,3.8,3.4,0.19,0.0679999999999999,-1.0,122.0,20.0,-110.0,5.599999999999999
2025-11-05 00:16:01,21,113.28571428571428,2379,0.045631760642642,20,208.55,4171,0.0482504487037658,0,4.2,6.4,9.6,7.6,3.8,3.2,0.126,0.052,-1.0,565.2,20.0,-109.0,-20.0
2025-11-05 00:16:02,29,114.10344827586206,3309,0.0368493507648336,17,213.76470588235293,3634,0.0582949413972742,0,4.2,6.2,11.0,7.8,3.6,3.2,0.15,0.082,-1.0,549.2,20.0,-111.33333333333331,22.666666666666668
2025-11-05 00:16:03,24,113.66666666666669,2728,0.0412178734938303,20,201.05,4021,0.050902247428894,0,4.2,6.4,9.6,7.6,3.8,3.2,0.126,0.052,-1.0,565.2,20.0,-109.0,-20.0
2025-11-05 00:16:04,46,115.80434782608695,5327,0.0216148677079573,21,216.7619047619048,4552,0.0488550549461728,0,4.4,6.6,11.0,7.6,4.2,4.2,0.142,0.072,-1.0,90.6,20.0,-111.33333333333331,22.666666666666668
2025-11-05 00:16:05,11,216.27272727272728,2379,0.0819833712144331,30,149.06666666666666,4472,0.0333880265553792,0,4.2,6.4,10.2,8.0,3.8,4.2,0.1499999999999999,0.094,-1.0,589.8,20.0,-108.66666666666669,22.666666666666668
2025-11-05 00:16:06,4,127.0,508,0.2309379577636718,22,174.1818181818182,3832,0.0445163249969482,0,4.4,6.4,11.0,8.0,4.8,3.8,0.12,0.072,-1.0,93.2,20.0,-107.66666666666669,-11.466666666666669
2025-11-05 00:16:07,5,131.8,659,0.1848270416259765,23,164.47826086956522,3783,0.0429575235947318,0,4.0,6.4,11.6,8.4,3.6,4.2,0.192,0.088,-1.0,180.0,20.0,-109.0,31.2
2025-11-05 00:16:08,4,119.0,476,0.3081049919128418,21,183.0952380952381,3845,0.0472407568068731,0,4.2,6.2,10.4,9.2,3.6,4.0,0.182,0.0699999999999999,-1.0,163.2,20.0,-110.0,39.73333333333333
2025-11-05 00:16:09,12,140.33333333333334,1684,0.0772393345832824,30,147.13333333333333,4414,0.0335194031397501,0,4.0,6.4,11.6,8.4,3.6,4.2,0.192,0.088,-1.0,180.0,20.0,-109.0,31.2
2025-11-05 00:16:10,4,127.0,508,0.2305999994277954,26,155.92307692307693,4054,0.0384766505314753,0,4.6,6.0,9.8,9.0,4.8,2.8,0.134,0.0579999999999999,-1.0,84.6,20.0,-107.66666666666669,14.133333333333333
2025-11-05 00:16:11,4,127.0,508,0.2310220003128051,23,169.1304347826087,3890,0.0447748225668202,0,4.4,6.4,10.0,9.0,3.4,3.8,0.164,0.0699999999999999,-1.0,104.0,20.0,-107.66666666666669,22.666666666666668
2025-11-05 00:16:12,5,125.4,627,0.2466300010681152,21,156.85714285714286,3294,0.0439542475200834,0,4.6,6.0,9.8,9.0,4.8,2.8,0.134,0.0579999999999999,-1.0,84.6,20.0,-107.66666666666669,14.133333333333333
2025-11-05 00:16:13,3,119.0,357,0.3096373081207275,24,157.91666666666666,3790,0.0450074076652526,0,4.2,6.4,9.4,9.2,3.4,3.2,0.102,0.04,-1.0,105.0,20.0,-109.0,31.2
2025-11-05 00:16:14,5,122.6,613,0.1846841812133789,23,160.1304347826087,3683,0.0421326160430908,0,4.2,5.8,10.2,9.6,4.2,1.6,0.144,0.06,-1.0,452.8,20.0,-106.33333333333331,48.26666666666666
2025-11-05 00:16:15,4,112.75,451,0.2304600477218628,22,153.04545454545453,3367,0.0450514988465742,0,3.8,6.2,10.4,9.6,3.2,2.0,0.104,0.028,-1.0,56.2,20.0,-106.0,5.599999999999999
2025-11-05 00:16:16,5,125.4,627,0.2465665817260742,22,144.72727272727272,3184,0.0447564125061035,0,3.8,5.6,10.6,10.0,3.6,1.4,0.146,0.062,-1.0,448.4,20.0,-107.33333333333331,39.73333333333333
2025-11-05 00:16:17,4,127.0,508,0.2308137416839599,24,155.95833333333334,3743,0.043968250354131,0,3.8,5.4,11.0,10.4,3.6,1.6,0.134,0.0699999999999999,-1.0,442.4,20.0,-105.66666666666669,39.73333333333333
2025-11-05 00:16:18,4,127.0,508,0.2314465045928955,22,158.0,3476,0.0452906326814131,0,3.8,5.6,10.6,10.0,3.6,1.4,0.146,0.062,-1.0,448.4,20.0,-107.33333333333331,39.73333333333333
2025-11-05 00:16:19,7,130.71428571428572,915,0.1477975845336914,25,142.92,3573,0.0393439960479736,0,4.0,5.6,9.8,10.0,3.4,1.4,0.12,0.022,-1.0,3937.2,20.0,-104.66666666666669,14.133333333333333
2025-11-05 00:16:20,6,129.66666666666666,778,0.1867881615956624,23,157.3913043478261,3620,0.043087741603022,0,3.6,5.2,11.8,10.6,3.2,1.8,0.13,0.078,-1.0,440.2,20.0,-108.0,5.599999999999999
2025-11-05 00:16:21,3,119.0,357,0.3081739743550618,23,170.69565217391303,3926,0.0432157827460247,0,4.0,5.4,11.2,10.2,3.6,1.4,0.176,0.016,-1.0,3940.0,20.0,-104.33333333333331,48.26666666666666
2025-11-05 00:16:22,9,123.0,1107,0.1213061014811198,27,192.5185185185185,5198,0.0372351452156349,0,3.8,5.2,12.2,11.0,4.0,1.6,0.19,0.022,-1.0,3935.8,20.0,-102.66666666666669,14.133333333333333
2025-11-05 00:16:23,5,131.8,659,0.1936568260192871,24,235.7083333333333,5657,0.0404452085494995,0,4.0,5.4,11.2,10.2,3.6,1.4,0.176,0.016,-1.0,3940.0,20.0,-104.33333333333331,48.26666666666666
2025-11-05 00:16:24,6,122.0,732,0.1705013116200765,24,237.04166666666663,5689,0.0414084593454996,0,3.4,5.2,12.0,11.2,4.0,1.8,0.092,0.064,-1.0,376.4,20.0,-105.0,5.599999999999999
2025-11-05 00:16:25,3,119.0,357,0.3076253732045491,24,278.25,6678,0.0444507896900177,0,4.2,5.4,11.4,11.6,4.4,1.4,0.168,0.036,-1.0,3942.2,20.0,-105.0,31.2
2025-11-05 00:16:26,7,189.8571428571429,1329,0.1449719837733677,27,290.3703703703704,7840,0.0360890052936695,0,4.0,5.6,10.8,11.8,4.4,2.0,0.094,0.09,-1.0,378.6,20.0,-103.33333333333331,22.666666666666668
2025-11-05 00:16:27,5,120.4,602,0.1670518398284912,23,217.65217391304347,5006,0.0443699567214302,0,4.4,6.0,11.2,11.8,5.0,1.8,0.098,0.072,-1.0,68.0,20.0,-102.33333333333331,5.599999999999999
2025-11-05 00:16:28,7,118.71428571428572,831,0.1762311458587646,24,207.5833333333333,4982,0.0401429533958435,0,3.8,5.8,12.0,11.6,4.8,2.0,0.094,0.068,-1.0,380.8,20.0,-101.0,31.2
2025-11-05 00:16:29,5,122.6,613,0.1844557762145996,23,205.5217391304348,4727,0.0429853460063105,0,4.0,6.0,12.4,11.8,5.4,2.0,0.16,0.0839999999999999,-1.0,47.6,20.0,-105.0,22.666666666666668
2025-11-05 00:16:30,9,118.55555555555556,1067,0.1176180044809977,30,189.4,5682,0.0350779056549072,0,4.0,6.0,11.4,11.4,5.0,1.8,0.08,0.078,-1.0,373.0,20.0,-102.0,39.73333333333333
2025-11-05 00:16:31,3,119.0,357,0.2629389762878418,21,187.42857142857144,3936,0.0472893260774158,0,4.0,6.0,11.2,11.4,4.8,1.8,0.108,0.098,-1.0,32.6,20.0,-100.0,31.2
2025-11-05 00:16:32,4,119.0,476,0.3084204792976379,21,161.95238095238096,3401,0.0477370534624372,0,4.0,6.0,11.4,11.4,5.0,1.8,0.08,0.078,-1.0,373.0,20.0,-102.0,39.73333333333333
2025-11-05 00:16:33,8,150.0,1200,0.1153817772865295,30,161.43333333333334,4843,0.0328210353851318,0,4.4,6.0,11.0,11.6,5.6,1.8,0.178,0.116,-1.0,51.8,20.0,-104.66666666666669,22.666666666666668
2025-11-05 00:16:34,7,130.71428571428572,915,0.1321291242327009,24,154.29166666666666,3703,0.0409895380338033,0,4.6,6.0,10.2,11.0,4.2,2.2,0.1,0.098,-1.0,800.4,20.0,-102.0,48.26666666666666
2025-11-05 00:16:35,3,119.0,357,0.3080176512400309,21,149.0,3129,0.047220093863351,0,4.2,6.0,11.2,10.8,5.2,1.8,0.218,0.102,-1.0,9989.0,20.0,-102.33333333333331,48.26666666666667
2025-11-05 00:16:36,3,119.0,357,0.3087926705678304,21,143.14285714285714,3006,0.0470221496763683,0,4.8,5.6,11.4,9.6,3.8,2.4,0.168,0.076,-1.0,804.6,20.0,-101.0,14.133333333333333
2025-11-05 00:16:37,6,120.16666666666669,721,0.206113855044047,24,129.04166666666666,3097,0.0440034965674082,0,5.0,5.2,10.2,9.6,3.2,2.4,0.1579999999999999,0.09,-1.0,802.0,20.0,-101.33333333333331,31.2
2025-11-05 00:16:38,5,192.6,963,0.1836099624633789,24,123.45833333333331,2963,0.0415276189645131,0,4.8,5.6,11.4,9.6,3.8,2.4,0.168,0.076,-1.0,804.6,20.0,-101.0,14.133333333333333
2025-11-05 00:16:39,8,133.25,1066,0.1396970152854919,24,129.125,3099,0.0418208340803782,0,4.0,5.2,11.0,9.6,3.8,1.8,0.154,0.066,-1.0,10222.0,20.0,-101.33333333333331,39.73333333333333
2025-11-05 00:16:40,3,119.0,357,0.2439069747924804,22,126.72727272727272,2788,0.0441466895016756,0,4.8,5.2,10.6,9.4,3.2,2.6,0.162,0.092,-1.0,805.8,20.0,-101.66666666666669,31.2
2025-11-05 00:16:41,5,125.4,627,0.2461086273193359,22,131.1818181818182,2886,0.0467031760649247,0,3.8,5.6,10.4,8.6,2.8,1.4,0.112,0.082,-1.0,10217.0,20.0,-100.66666666666669,31.2
2025-11-05 00:16:42,4,127.0,508,0.2622127532958984,23,129.2173913043478,2972,0.0421849126401154,0,4.8,5.4,10.4,8.2,3.2,2.4,0.136,0.078,-1.0,1365.6,20.0,-101.66666666666669,5.599999999999999
2025-11-05 00:16:43,3,119.0,357,0.2698690096537272,21,132.28571428571428,2778,0.0470136687869117,0,4.6,5.4,10.6,8.0,2.8,2.0,0.122,0.0679999999999999,-1.0,597.6,20.0,-101.66666666666669,31.2
2025-11-05 00:16:44,8,135.0,1080,0.1145917475223541,30,132.73333333333332,3982,0.0347453991572062,0,4.8,5.4,10.4,8.2,3.2,2.4,0.136,0.078,-1.0,1365.6,20.0,-101.66666666666669,5.599999999999999
2025-11-05 00:16:45,12,158.16666666666666,1898,0.1067269841829935,30,160.5,4815,0.0332005659739176,0,3.8,5.6,10.8,7.8,2.8,2.0,0.056,0.038,-1.0,276.2,20.0,-109.66666666666669,14.133333333333333
2025-11-05 00:16:46,7,133.71428571428572,936,0.125925030027117,40,183.425,7337,0.0245285987854003,0,4.8,5.4,10.0,8.6,2.8,2.2,0.1619999999999999,0.05,-1.0,620.6,20.0,-104.33333333333331,31.2
2025-11-05 00:16:47,4,127.0,508,0.2300742268562317,22,214.54545454545453,4720,0.04495032267137,0,5.4,6.6,8.4,7.6,3.4,2.0,0.15,0.036,-1.0,2991.8,20.0,-103.33333333333331,22.666666666666668
2025-11-05 00:16:48,7,112.85714285714286,790,0.172461986541748,25,214.64,5366,0.0412660789489746,0,4.8,5.4,10.0,8.6,2.8,2.2,0.1619999999999999,0.05,-1.0,620.6,20.0,-104.33333333333331,31.2
2025-11-05 00:16:49,9,119.0,1071,0.1109271314409044,26,201.96153846153845,5251,0.0383960008621215,0,6.0,8.2,6.8,7.0,4.6,1.6,0.0419999999999999,0.028,-1.0,43.0,20.0,-111.66666666666669,31.2
2025-11-05 00:16:50,6,125.16666666666669,751,0.1457736492156982,27,201.25925925925927,5434,0.0372235156871654,0,6.4,7.6,6.4,7.4,3.8,1.8,0.142,0.006,-1.0,3001.8,20.0,-107.66666666666669,22.666666666666668
2025-11-05 00:16:51,4,127.0,508,0.2457937598228454,22,220.3181818181818,4847,0.0450748205184936,0,7.0,8.4,5.2,7.0,5.2,2.0,0.014,0.012,-1.0,43.4,20.0,-107.33333333333331,-2.9333333333333336
2025-11-05 00:16:52,21,114.38095238095238,2402,0.0517763750893729,19,230.8421052631579,4386,0.0520719979938707,0,7.4,8.8,4.8,7.6,4.0,1.8,0.13,0.0,-1.0,2443.2,20.0,-106.33333333333331,31.2
2025-11-05 00:16:53,20,111.6,2232,0.0521564006805419,18,246.44444444444449,4436,0.0557205544577704,0,7.0,8.4,5.2,7.0,5.2,2.0,0.014,0.012,-1.0,43.4,20.0,-107.33333333333331,-2.9333333333333336
2025-11-05 00:16:54,25,114.4,2860,0.0403009223937988,19,227.0,4313,0.0514318943023681,0,8.0,9.2,4.2,7.2,4.4,2.4,0.136,0.012,-1.0,2448.2,20.0,-115.0,39.73333333333333
2025-11-05 00:16:55,39,114.48717948717947,4465,0.025815358528724,17,283.1764705882353,4814,0.0581633062923655,0,10.6,9.6,1.8,6.6,6.2,2.6,0.01,0.03,-1.0,361.2,20.0,-110.66666666666669,14.133333333333333
2025-11-05 00:16:56,44,113.4318181818182,4991,0.021788093176755,21,267.23809523809524,5612,0.0472705137161981,0,8.8,10.4,2.6,6.6,4.8,2.8,0.038,0.012,-1.0,2453.8,20.0,-109.66666666666669,22.666666666666668
2025-11-05 00:16:57,39,113.64102564102564,4432,0.0256901765481019,20,261.55,5231,0.0527105569839477,0,9.0,10.4,3.0,6.6,4.8,3.8,0.04,0.012,-1.0,3034.6,20.0,-108.66666666666669,14.133333333333333
2025-11-05 00:16:58,29,115.03448275862068,3336,0.0349889294854525,21,228.66666666666663,4802,0.0470591840289887,0,8.8,10.4,2.6,6.6,4.8,2.8,0.038,0.012,-1.0,2453.8,20.0,-109.66666666666669,22.666666666666668
2025-11-05 00:16:59,32,114.15625,3653,0.0319662541151046,22,199.45454545454547,4388,0.0451885028318925,0,10.0,8.4,4.4,6.2,5.4,3.8,0.046,0.028,-1.0,382.2,20.0,-109.66666666666669,14.133333333333333
2025-11-05 00:17:00,43,115.30232558139537,4958,0.0233197212219238,22,142.95454545454547,3145,0.0459259531714699,0,8.4,9.4,4.8,6.8,4.8,4.4,0.044,0.024,-1.0,3042.0,20.0,-106.66666666666669,22.666666666666668
2025-11-05 00:17:01,38,113.89473684210526,4328,0.026039443517986,17,148.76470588235293,2529,0.057158119538251,0,9.6,7.6,6.4,6.6,4.8,4.6,0.066,0.04,-1.0,399.4,20.0,-108.66666666666669,31.2
2025-11-05 00:17:02,22,109.45454545454544,2408,0.0455905090678821,18,140.27777777777777,2525,0.0549543301264444,0,7.6,7.8,6.6,6.8,4.4,4.8,0.044,0.036,-1.0,3051.6,20.0,-107.0,5.599999999999999
2025-11-05 00:17:03,45,112.02222222222224,5041,0.0224493768480089,24,131.70833333333334,3161,0.0437316298484802,0,7.4,7.0,8.0,7.4,4.6,5.0,0.072,0.024,-1.0,3057.4,20.0,-108.0,14.133333333333333
2025-11-05 00:17:04,50,111.56,5578,0.0198625564575195,21,146.9047619047619,3085,0.0476227147238595,0,7.6,7.8,6.6,6.8,4.4,4.8,0.044,0.036,-1.0,3051.6,20.0,-107.0,5.599999999999999
2025-11-05 00:17:05,31,112.51612903225806,3488,0.0321317795784242,18,154.44444444444446,2780,0.0547889471054077,0,7.0,5.8,10.4,7.6,3.6,5.6,0.116,0.038,-1.0,1368.6,20.0,-106.33333333333331,5.599999999999999
2025-11-05 00:17:06,31,110.48387096774194,3425,0.0323218068768901,21,154.95238095238096,3254,0.0470424266088576,0,6.8,5.6,9.4,7.6,4.2,4.8,0.08,0.046,-1.0,3034.8,20.0,-107.0,31.2
2025-11-05 00:17:07,43,111.18604651162792,4781,0.0233204642007517,22,141.63636363636363,3116,0.0450395887548273,0,6.6,5.2,11.2,8.0,3.2,5.6,0.106,0.034,-1.0,1369.6,20.0,-105.66666666666669,14.133333333333333
2025-11-05 00:17:08,30,110.73333333333332,3322,0.0333481629689534,19,146.21052631578948,2778,0.052063690988641,0,6.8,5.6,9.4,7.6,4.2,4.8,0.08,0.046,-1.0,3034.8,20.0,-107.0,31.2
2025-11-05 00:17:09,33,111.72727272727272,3687,0.0303468776471687,21,131.61904761904762,2764,0.0471988519032796,0,6.6,4.4,10.4,8.6,2.6,5.6,0.108,0.042,-1.0,1374.6,20.0,-106.66666666666669,31.2
2025-11-05 00:17:10,31,110.6774193548387,3431,0.030553517803069,20,133.5,2670,0.0526914477348327,0,6.6,4.0,10.6,8.2,3.4,4.8,0.096,0.05,-1.0,595.6,20.0,-105.33333333333331,22.666666666666668
2025-11-05 00:17:11,34,129.5,4403,0.0304203874924603,20,139.7,2794,0.0495038509368896,0,6.4,4.2,10.2,8.4,2.6,5.4,0.112,0.052,-1.0,1363.8,20.0,-105.66666666666669,5.599999999999999
2025-11-05 00:17:12,32,111.8125,3578,0.0313605591654777,22,147.4090909090909,3243,0.044999133456837,0,6.8,4.4,9.2,8.4,2.8,5.4,0.08,0.058,-1.0,695.2,20.0,-105.0,14.133333333333333
2025-11-05 00:17:13,42,110.23809523809524,4630,0.0240704502378191,19,163.94736842105263,3115,0.0529051077993292,0,6.4,4.2,10.2,8.4,2.6,5.4,0.112,0.052,-1.0,1363.8,20.0,-105.66666666666669,5.599999999999999
2025-11-05 00:17:14,21,113.28571428571428,2379,0.0478703408014206,22,149.13636363636363,3281,0.0442147796804254,0,7.2,4.2,9.6,8.2,3.4,4.8,0.09,0.058,-1.0,597.8,20.0,-108.0,22.666666666666668
2025-11-05 00:17:15,18,113.16666666666669,2037,0.0530348353915744,19,163.26315789473685,3102,0.0522198426096062,0,7.0,4.6,8.4,8.0,2.8,4.8,0.088,0.0419999999999999,-1.0,89.0,20.0,-106.0,48.26666666666666
2025-11-05 00:17:16,35,110.48571428571428,3867,0.0298988546643938,19,152.05263157894737,2889,0.0521510525753623,0,7.6,4.6,9.2,8.2,3.4,4.4,0.08,0.054,-1.0,595.4,20.0,-106.33333333333331,14.133333333333333
2025-11-05 00:17:17,29,110.79310344827586,3213,0.0330726524879192,20,157.25,3145,0.0528348922729492,0,7.2,4.6,8.8,7.8,3.0,4.6,0.124,0.036,-1.0,85.8,20.0,-106.33333333333331,-11.466666666666669
2025-11-05 00:17:18,27,110.92592592592592,2995,0.0381811106646502,18,162.55555555555554,2926,0.0549915631612141,0,7.6,5.0,8.2,7.2,3.2,4.6,0.104,0.032,-1.0,137.2,20.0,-107.0,31.2
2025-11-05 00:17:19,18,111.27777777777776,2003,0.0551579528384738,19,172.89473684210526,3285,0.052291568956877,0,7.2,4.6,8.8,7.8,3.0,4.6,0.124,0.036,-1.0,85.8,20.0,-106.33333333333331,-11.466666666666669
2025-11-05 00:17:20,35,109.6,3836,0.0286464282444545,21,193.7619047619048,4069,0.0468989099775041,0,8.4,5.2,7.4,8.2,3.2,3.6,0.106,0.06,-1.0,1349.2,20.0,-106.66666666666669,22.666666666666668
2025-11-05 00:17:21,54,113.4074074074074,6124,0.0184909811726322,22,175.1818181818182,3854,0.045063549822027,0,8.2,5.4,7.2,7.6,3.6,4.6,0.086,0.032,-1.0,156.6,20.0,-108.66666666666669,22.666666666666668
2025-11-05 00:17:22,53,115.52830188679243,6123,0.0180522630799491,20,210.8,4216,0.0494837403297424,0,8.6,5.4,6.2,7.8,3.4,4.6,0.092,0.078,-1.0,1354.8,20.0,-108.33333333333331,-2.9333333333333336
2025-11-05 00:17:23,53,146.1320754716981,7745,0.0197173784363944,31,159.16129032258064,4934,0.0339999737278107,0,8.4,5.4,6.8,7.2,3.8,4.8,0.096,0.026,-1.0,1804.4,20.0,-108.33333333333331,39.73333333333333
2025-11-05 00:17:24,11,122.8181818181818,1351,0.075344909321178,26,155.73076923076923,4049,0.0383257224009587,0,7.6,5.8,8.2,7.6,4.2,4.6,0.086,0.026,-1.0,1800.4,20.0,-107.66666666666669,5.599999999999999
2025-11-05 00:17:25,4,127.0,508,0.2315537333488464,22,146.27272727272728,3218,0.0447143207896839,0,8.4,5.4,6.8,7.2,3.8,4.8,0.096,0.026,-1.0,1804.4,20.0,-108.33333333333331,39.73333333333333
2025-11-05 00:17:26,7,124.57142857142856,872,0.1760098593575614,24,152.58333333333334,3662,0.0414192080497741,0,7.2,5.6,7.8,8.4,3.8,5.0,0.14,0.048,-1.0,1383.2,20.0,-108.0,5.599999999999999
2025-11-05 00:17:27,6,137.66666666666666,826,0.1537933349609375,25,141.52,3538,0.0395283603668212,0,7.0,5.8,8.4,8.4,4.0,4.2,0.058,0.044,-1.0,1791.6,20.0,-108.0,31.2
2025-11-05 00:17:28,4,127.0,508,0.2310987710952758,22,155.86363636363637,3429,0.0449644543907859,0,6.6,5.6,8.4,8.8,3.8,5.0,0.112,0.064,-1.0,99.6,20.0,-108.0,39.73333333333333
2025-11-05 00:17:29,6,117.83333333333331,707,0.1926666498184204,24,152.54166666666666,3661,0.0425010422865549,0,6.4,5.8,8.6,9.0,4.2,3.6,0.058,0.04,-1.0,4757.0,20.0,-107.66666666666669,-2.9333333333333336
2025-11-05 00:17:30,6,120.16666666666669,721,0.1670999924341837,24,164.5,3948,0.0428534150123596,0,6.2,5.4,8.6,9.2,3.8,4.6,0.098,0.064,-1.0,105.0,20.0,-110.0,14.133333333333333
2025-11-05 00:17:31,5,131.8,659,0.1843100070953369,25,150.52,3763,0.0395904445648193,0,5.6,6.2,9.8,9.0,4.4,3.0,0.098,0.054,-1.0,4728.4,20.0,-109.66666666666669,14.133333333333333
2025-11-05 00:17:32,5,131.8,659,0.1852385997772216,22,166.8181818181818,3670,0.0450607213107022,0,5.2,6.8,9.8,9.2,4.2,2.0,0.084,0.054,-1.0,3074.6,20.0,-108.33333333333331,-2.9333333333333336
2025-11-05 00:17:33,6,125.5,753,0.1791239976882934,24,171.41666666666666,4114,0.0411665042241414,0,5.6,6.2,9.8,9.0,4.4,3.0,0.098,0.054,-1.0,4728.4,20.0,-109.66666666666669,14.133333333333333
2025-11-05 00:17:34,7,126.14285714285714,883,0.1534043039594377,24,160.08333333333334,3842,0.0410774151484171,0,5.6,5.8,8.6,9.8,3.2,2.4,0.086,0.044,-1.0,1973.8,20.0,-109.33333333333331,14.133333333333333
2025-11-05 00:17:35,4,127.0,508,0.2310672402381897,24,160.625,3855,0.0435436268647511,0,5.2,6.6,9.4,9.0,4.2,2.0,0.122,0.06,-1.0,3073.2,20.0,-108.66666666666669,39.73333333333333
2025-11-05 00:17:36,5,131.8,659,0.2078727722167968,22,163.6818181818182,3601,0.0435914993286132,0,5.6,6.0,8.8,9.6,3.2,2.4,0.064,0.044,-1.0,1982.4,20.0,-109.33333333333331,22.666666666666668
2025-11-05 00:17:37,4,127.0,508,0.2375012636184692,24,178.95833333333334,4295,0.0431581238905588,0,5.0,6.8,9.0,9.0,4.6,2.0,0.12,0.056,-1.0,3074.0,20.0,-108.66666666666669,14.133333333333333
2025-11-05 00:17:38,5,125.4,627,0.2179324150085449,21,168.66666666666666,3542,0.0469101497105189,0,5.6,6.0,8.8,9.6,3.2,2.4,0.064,0.044,-1.0,1982.4,20.0,-109.33333333333331,22.666666666666668
2025-11-05 00:17:39,8,133.25,1066,0.1264919936656952,26,162.65384615384616,4229,0.0392359953660231,0,4.6,7.0,10.0,9.4,4.4,2.0,0.1399999999999999,0.072,-1.0,3137.6,20.0,-109.33333333333331,14.133333333333333
2025-11-05 00:17:40,3,119.0,357,0.2787840366363525,22,161.45454545454547,3552,0.0438716411590576,0,5.0,6.6,10.4,9.4,3.4,2.2,0.102,0.014,-1.0,1983.8,20.0,-109.0,56.79999999999999
2025-11-05 00:17:41,4,127.0,508,0.2317017316818237,22,149.5,3289,0.0447455861351706,0,4.4,6.4,10.6,9.8,4.4,2.0,0.142,0.046,-1.0,3136.2,20.0,-108.0,-2.9333333333333336
2025-11-05 00:17:42,7,116.42857142857144,815,0.1757791382925851,26,162.92307692307693,4236,0.0383055026714618,0,5.0,6.6,10.4,9.4,3.4,2.2,0.102,0.014,-1.0,1983.8,20.0,-109.0,56.79999999999999
2025-11-05 00:17:43,3,119.0,357,0.3082930246988932,21,152.28571428571428,3198,0.0469503289177304,0,4.2,6.2,10.8,10.4,4.2,2.0,0.198,0.046,-1.0,3151.6,20.0,-107.0,31.2
2025-11-05 00:17:44,10,191.9,1919,0.0930212020874023,31,139.3548387096774,4320,0.0343531331708354,0,4.2,5.8,11.2,10.4,3.6,1.8,0.154,0.048,-1.0,3142.0,20.0,-107.33333333333331,31.2
2025-11-05 00:17:45,3,119.0,357,0.3055276075998942,21,157.42857142857142,3306,0.0468379997071765,0,4.2,6.2,10.8,10.4,4.2,2.0,0.198,0.046,-1.0,3151.6,20.0,-107.0,31.2
2025-11-05 00:17:46,5,114.0,570,0.2465492248535156,22,158.54545454545453,3488,0.0450026772238991,0,4.4,5.8,10.8,10.8,3.8,2.0,0.162,0.06,-1.0,3129.0,20.0,-106.66666666666669,5.599999999999999
2025-11-05 00:17:48,4,112.75,451,0.2318092584609985,22,180.0,3960,0.0436786304820667,0,4.8,5.4,10.8,11.2,3.8,2.2,0.164,0.06,-1.0,3130.8,20.0,-106.0,14.133333333333333
2025-11-05 00:17:49,5,127.2,636,0.1849151611328125,24,157.29166666666666,3775,0.0406503776709238,0,5.8,5.8,10.0,11.0,3.8,2.2,0.1619999999999999,0.0339999999999999,-1.0,741.4,20.0,-106.33333333333331,39.73333333333333
2025-11-05 00:17:50,5,125.4,627,0.2467982292175293,23,159.2608695652174,3663,0.0460775624150815,0,4.6,5.2,10.2,12.0,3.6,2.0,0.136,0.06,-1.0,3128.4,20.0,-106.66666666666669,14.133333333333333
2025-11-05 00:17:51,4,127.0,508,0.2301352620124817,23,157.52173913043478,3623,0.0432701318160347,0,6.0,5.8,9.2,10.8,3.6,2.4,0.1339999999999999,0.034,-1.0,742.8,20.0,-106.33333333333331,31.2
2025-11-05 00:17:52,4,127.0,508,0.2307479977607727,22,171.4090909090909,3771,0.0448837713761763,0,4.6,5.2,10.2,12.0,3.6,2.0,0.136,0.06,-1.0,3128.4,20.0,-106.66666666666669,14.133333333333333
2025-11-05 00:17:53,5,131.8,659,0.1930333614349365,23,156.1304347826087,3591,0.0428249628647514,0,5.6,5.8,10.2,10.4,3.8,2.6,0.118,0.034,-1.0,721.8,20.0,-106.0,5.599999999999999
2025-11-05 00:17:54,8,129.125,1033,0.1491590142250061,25,158.96,3974,0.0395007133483886,0,5.0,5.8,10.4,11.6,3.8,2.2,0.0699999999999999,0.046,-1.0,804.6,20.0,-106.66666666666669,14.133333333333333
2025-11-05 00:17:55,6,125.5,753,0.154600977897644,26,156.07692307692307,4058,0.0403203872533944,0,5.4,6.0,10.8,10.2,3.4,2.2,0.166,0.036,-1.0,716.2,20.0,-105.0,39.73333333333333
2025-11-05 00:17:56,3,119.0,357,0.3083306948343913,22,165.4090909090909,3639,0.0454526814547452,0,4.8,6.0,11.4,10.8,4.0,2.4,0.058,0.034,-1.0,804.2,20.0,-105.0,31.2
2025-11-05 00:17:57,4,131.0,524,0.2301890254020691,21,155.85714285714286,3273,0.0441043376922607,0,4.2,5.8,12.6,10.8,4.0,2.2,0.06,0.026,-1.0,801.4,20.0,-104.0,5.599999999999999
2025-11-05 00:17:58,3,118.66666666666669,356,0.3084332942962646,22,162.72727272727272,3580,0.0479264476082541,0,4.8,6.0,11.4,10.8,4.0,2.4,0.058,0.034,-1.0,804.2,20.0,-105.0,31.2
2025-11-05 00:17:59,7,126.14285714285714,883,0.176004307610648,26,149.8846153846154,3897,0.0392535007916964,0,4.0,6.4,13.0,10.2,4.2,2.6,0.178,0.018,-1.0,45.2,20.0,-102.33333333333331,31.2
2025-11-05 00:18:00,3,119.0,357,0.307818333307902,21,186.42857142857144,3915,0.0459069524492536,0,4.8,5.6,12.6,10.8,4.4,2.6,0.074,0.042,-1.0,813.6,20.0,-103.0,14.133333333333333
2025-11-05 00:18:01,4,127.0,508,0.2314202189445495,21,175.0,3675,0.044232618241083,0,3.8,6.4,12.8,10.8,4.4,2.2,0.178,0.034,-1.0,45.0,20.0,-103.33333333333331,-2.9333333333333336
2025-11-05 00:18:02,8,115.75,926,0.1423001289367675,27,205.07407407407408,5537,0.0387485557132297,0,5.2,5.2,13.0,11.2,4.2,3.2,0.094,0.048,-1.0,811.4,20.0,-102.66666666666669,-11.466666666666669
2025-11-05 00:18:03,6,129.66666666666666,778,0.1698379913965861,26,191.23076923076923,4972,0.0407640383793757,0,3.8,6.4,12.8,10.8,4.4,2.2,0.178,0.034,-1.0,45.0,20.0,-103.33333333333331,-2.9333333333333336
2025-11-05 00:18:04,6,127.33333333333331,764,0.1540921529134114,24,192.41666666666663,4618,0.0410594145456949,0,5.4,5.2,12.4,11.4,3.6,3.0,0.12,0.06,-1.0,1252.0,20.0,-103.66666666666669,-2.9333333333333336
2025-11-05 00:18:05,5,131.8,659,0.1847722053527832,22,198.8636363636364,4375,0.0456303683194247,0,9.6,6.2,11.8,11.2,7.0,4.2,0.158,0.052,-1.0,142.8,20.0,-102.33333333333331,5.599999999999999
2025-11-05 00:18:06,4,127.0,508,0.2315385341644287,21,197.28571428571428,4143,0.0465605713072277,0,6.0,5.4,11.2,11.6,3.4,3.0,0.132,0.104,-1.0,1255.8,20.0,-103.0,-11.466666666666669
2025-11-05 00:18:07,7,154.28571428571428,1080,0.1765169756753104,27,168.22222222222223,4542,0.0367747766000253,0,10.2,6.2,10.4,10.8,6.6,4.2,0.204,0.052,-1.0,147.0,20.0,-104.33333333333331,-2.9333333333333336
2025-11-05 00:18:08,3,119.0,357,0.3071040312449137,23,166.04347826086956,3819,0.043493830639383,0,6.4,6.2,10.2,10.8,3.4,2.6,0.164,0.112,-1.0,1258.0,20.0,-104.33333333333331,-2.9333333333333336
2025-11-05 00:18:09,7,122.57142857142856,858,0.131814854485648,25,165.44,4136,0.0391488742828369,0,10.6,7.6,9.0,9.2,6.4,4.0,0.174,0.06,-1.0,1337.8,20.0,-103.33333333333331,5.599999999999999
2025-11-05 00:18:10,5,131.8,659,0.2053456306457519,23,180.95652173913044,4162,0.0459854395493217,0,11.2,8.0,7.4,8.2,6.0,4.0,0.198,0.042,-1.0,1346.6,20.0,-104.33333333333331,-11.466666666666669
2025-11-05 00:18:11,21,111.47619047619048,2341,0.0538078943888346,18,199.8333333333333,3597,0.0546372731526692,0,10.6,7.6,9.0,9.2,6.4,4.0,0.174,0.06,-1.0,1337.8,20.0,-103.33333333333331,5.599999999999999
2025-11-05 00:18:12,28,110.85714285714286,3104,0.0373323644910539,18,171.72222222222223,3091,0.0553313891092936,0,6.2,7.6,9.2,8.2,3.6,2.4,0.144,0.08,-1.0,1412.6,20.0,-106.0,5.599999999999999
2025-11-05 00:18:13,32,114.15625,3653,0.0302864983677864,25,170.8,4270,0.0409692001342773,0,8.2,7.8,5.8,7.4,4.4,3.2,0.158,0.028,-1.0,1351.2,20.0,-106.0,14.133333333333333
2025-11-05 00:18:14,24,112.75,2706,0.0412837068239847,22,190.0,4180,0.0435820492831143,0,5.8,7.6,9.2,7.4,4.2,2.6,0.118,0.072,-1.0,215.4,20.0,-106.33333333333331,22.666666666666668
2025-11-05 00:18:15,27,111.8148148148148,3019,0.0370360038898609,18,186.66666666666663,3360,0.055701110098097,0,8.2,7.8,5.8,7.4,4.4,3.2,0.158,0.028,-1.0,1351.2,20.0,-106.0,14.133333333333333
2025-11-05 00:18:16,33,110.66666666666669,3652,0.03169702761101,21,174.28571428571428,3660,0.0493985698336646,0,5.8,8.0,8.8,6.4,4.0,2.6,0.096,0.0279999999999999,-1.0,228.4,20.0,-104.66666666666669,31.2
2025-11-05 00:18:17,32,129.46875,4143,0.0307522192597389,24,152.45833333333334,3659,0.0411531229813893,0,6.2,8.2,7.2,6.2,3.4,3.6,0.1,0.016,-1.0,2798.0,20.0,-104.66666666666669,22.666666666666668
2025-11-05 00:18:18,37,111.43243243243244,4123,0.0255605401219548,16,191.5,3064,0.0620756298303604,0,6.6,7.6,9.2,6.0,4.2,3.6,0.078,0.02,-1.0,248.6,20.0,-105.0,14.133333333333333
2025-11-05 00:18:19,19,113.73684210526316,2161,0.0548813719498483,20,170.0,3400,0.0495586991310119,0,6.4,7.2,7.4,6.2,3.4,3.8,0.088,0.014,-1.0,1621.4,20.0,-106.66666666666669,39.73333333333333
2025-11-05 00:18:20,34,111.76470588235294,3800,0.0298948778825647,19,171.52631578947367,3259,0.0520008363221821,0,6.2,7.0,9.2,6.2,3.4,4.4,0.074,0.006,-1.0,1630.8,20.0,-104.66666666666669,39.73333333333333
2025-11-05 00:18:21,29,112.24137931034484,3255,0.034771310872045,21,186.8095238095238,3923,0.0471326737176804,0,6.4,7.2,7.4,6.2,3.4,3.8,0.088,0.014,-1.0,1621.4,20.0,-106.66666666666669,39.73333333333333
2025-11-05 00:18:22,27,110.92592592592592,2995,0.035850374786942,19,187.0,3553,0.0535969483224969,0,7.4,7.0,10.4,6.4,4.0,4.6,0.076,0.016,-1.0,922.4,20.0,-104.33333333333331,31.2
2025-11-05 00:18:23,19,111.73684210526316,2123,0.0544206217715614,20,173.75,3475,0.0513387441635131,0,5.2,7.0,10.4,6.6,3.6,4.0,0.074,0.006,-1.0,1624.6,20.0,-104.33333333333331,48.26666666666667
2025-11-05 00:18:24,33,111.72727272727272,3687,0.0290309732610529,20,183.45,3669,0.0501395463943481,0,6.8,7.0,10.8,6.8,3.6,4.6,0.076,0.012,-1.0,913.6,20.0,-106.0,39.73333333333333
2025-11-05 00:18:25,31,115.83870967741936,3591,0.0334718381204912,19,192.8947368421053,3665,0.0515313775915848,0,6.6,6.4,10.8,7.4,3.6,4.8,0.062,0.012,-1.0,910.4,20.0,-105.33333333333331,39.73333333333333
2025-11-05 00:18:26,59,113.35593220338984,6688,0.0167307126320014,18,202.5,3645,0.0550158818562825,0,6.8,7.0,10.8,6.8,3.6,4.6,0.076,0.012,-1.0,913.6,20.0,-106.0,39.73333333333333
2025-11-05 00:18:27,54,115.8148148148148,6254,0.0187749995125664,20,185.1,3702,0.0495195508003234,0,5.6,6.0,10.8,7.2,3.8,4.8,0.09,0.026,-1.0,1332.0,20.0,-105.33333333333331,31.2
2025-11-05 00:18:28,39,111.3076923076923,4341,0.0248207679161658,18,184.11111111111111,3314,0.0549092822604709,0,6.4,6.4,10.4,7.4,3.8,5.6,0.052,0.016,-1.0,906.6,20.0,-105.0,31.2
2025-11-05 00:18:29,34,111.73529411764706,3799,0.0301262350643382,23,189.7391304347826,4364,0.0458777780118195,0,5.6,6.0,11.2,7.4,3.8,5.0,0.084,0.02,-1.0,1325.2,20.0,-105.0,5.599999999999999
2025-11-05 00:18:30,29,165.3793103448276,4796,0.0349064119930925,23,165.3913043478261,3804,0.0430680461551832,0,7.0,6.4,10.2,7.4,3.8,5.8,0.058,0.03,-1.0,1061.8,20.0,-106.33333333333331,22.666666666666668
2025-11-05 00:18:31,5,131.8,659,0.1857563972473144,23,167.43478260869566,3851,0.043092043503471,0,6.0,5.8,11.6,7.6,4.2,5.0,0.074,0.02,-1.0,1353.6,20.0,-104.66666666666669,39.73333333333333
2025-11-05 00:18:32,4,127.0,508,0.2306612730026245,24,154.375,3705,0.0412517885367075,0,5.4,6.4,11.4,8.2,3.6,5.0,0.064,0.036,-1.0,827.8,20.0,-106.33333333333331,14.133333333333333
2025-11-05 00:18:33,3,119.0,357,0.3083837032318115,20,161.35,3227,0.0494697570800781,0,6.0,5.8,12.0,8.4,4.0,5.2,0.0839999999999999,0.052,-1.0,1345.8,20.0,-106.33333333333331,14.133333333333333
2025-11-05 00:18:34,5,122.6,613,0.1851686000823974,23,148.08695652173913,3406,0.0431736966838007,0,5.8,5.4,11.6,9.4,3.6,4.8,0.078,0.062,-1.0,1561.8,20.0,-104.0,31.2
2025-11-05 00:18:35,6,120.16666666666669,721,0.2160721619923909,22,147.27272727272728,3240,0.0456733595241199,0,6.0,5.8,12.0,8.4,4.0,5.2,0.0839999999999999,0.052,-1.0,1345.8,20.0,-106.33333333333331,14.133333333333333
2025-11-05 00:18:36,3,119.0,357,0.2870996793111165,25,157.96,3949,0.041504201889038,0,4.8,5.2,13.2,10.2,3.8,4.0,0.076,0.048,-1.0,812.2,20.0,-105.33333333333331,5.599999999999999
2025-11-05 00:18:37,4,127.0,508,0.2306697368621826,22,151.54545454545453,3334,0.0449746847152709,0,5.4,5.4,11.4,10.2,3.6,4.0,0.072,0.082,-1.0,1537.0,20.0,-104.33333333333331,-2.9333333333333336
2025-11-05 00:18:38,9,120.22222222222224,1082,0.1093224419487847,27,142.4814814814815,3847,0.0366649627685546,0,4.2,5.0,13.6,10.8,3.2,2.4,0.074,0.052,-1.0,805.4,20.0,-108.0,5.599999999999999
2025-11-05 00:18:39,6,122.0,732,0.1957446734110514,23,162.6086956521739,3740,0.0430263850999915,0,5.0,5.4,11.4,10.6,4.0,3.2,0.1299999999999999,0.09,-1.0,1529.8,20.0,-103.0,5.599999999999999
2025-11-05 00:18:40,3,119.0,357,0.3077062765757243,23,174.56521739130434,4015,0.0434131311333697,0,3.4,5.0,13.8,11.2,3.2,2.2,0.078,0.054,-1.0,650.2,20.0,-102.0,22.666666666666668
2025-11-05 00:18:41,4,112.75,451,0.2308890223503112,22,150.36363636363637,3308,0.0451260913502086,0,3.8,4.6,12.8,11.2,3.2,2.0,0.074,0.05,-1.0,993.4,20.0,-105.0,14.133333333333333
2025-11-05 00:18:42,4,127.0,508,0.2314260005950927,23,149.47826086956522,3438,0.045362783514935,0,3.8,5.4,10.2,11.4,4.0,1.8,0.124,0.096,-1.0,1486.4,20.0,-105.66666666666669,14.133333333333333
2025-11-05 00:18:43,5,125.4,627,0.2462227821350097,21,150.33333333333334,3157,0.0441586630684988,0,3.8,4.6,12.8,11.2,3.2,2.0,0.074,0.05,-1.0,993.4,20.0,-105.0,14.133333333333333
2025-11-05 00:18:44,15,126.46666666666668,1897,0.061757214864095,35,165.6,5796,0.0306186607905796,0,4.0,4.6,13.8,11.6,3.0,2.2,0.094,0.074,-1.0,990.2,20.0,-101.33333333333331,-2.9333333333333336
2025-11-05 00:18:45,7,164.42857142857142,1151,0.1317418302808489,27,187.14814814814807,5053,0.0360236609423602,0,4.0,5.6,11.0,11.4,4.4,2.4,0.15,0.112,-1.0,594.2,20.0,-101.33333333333331,31.2
2025-11-05 00:18:46,3,119.0,357,0.3084463278452555,21,151.85714285714286,3189,0.0470722856975737,0,4.4,5.2,12.2,11.2,3.4,2.2,0.1159999999999999,0.102,-1.0,1002.8,20.0,-101.66666666666669,14.133333333333333
2025-11-05 00:18:47,4,119.0,476,0.3081347942352295,21,150.9047619047619,3169,0.0474401996249244,0,4.0,5.8,10.8,11.0,4.2,2.0,0.136,0.092,-1.0,592.6,20.0,-102.66666666666669,22.666666666666668
2025-11-05 00:18:48,4,112.75,451,0.2315147519111633,24,125.0,3000,0.0418098668257395,0,4.4,5.6,11.6,10.8,3.6,2.2,0.1,0.102,-1.0,996.0,20.0,-100.66666666666669,5.599999999999999
2025-11-05 00:18:49,5,122.6,613,0.1846161842346191,23,133.1304347826087,3062,0.0422200016353441,0,4.0,5.6,11.4,11.0,3.6,2.2,0.124,0.092,-1.0,585.0,20.0,-100.33333333333331,22.666666666666668
2025-11-05 00:18:50,7,207.8571428571429,1455,0.1319191455841064,25,156.0,3900,0.0423589992523193,0,4.2,5.6,11.0,10.4,3.6,1.8,0.074,0.086,-1.0,3476.8,20.0,-100.66666666666669,31.2
2025-11-05 00:18:51,5,114.0,570,0.247582197189331,24,141.45833333333334,3395,0.042044460773468,0,4.0,5.6,11.4,11.0,3.6,2.2,0.124,0.092,-1.0,585.0,20.0,-100.33333333333331,22.666666666666668
2025-11-05 00:18:52,3,119.0,357,0.3081552982330322,19,156.47368421052633,2973,0.0510757345902292,0,4.2,5.8,11.4,10.2,3.4,1.8,0.0999999999999999,0.078,-1.0,3133.8,20.0,-100.33333333333331,14.133333333333333
2025-11-05 00:18:53,5,154.4,772,0.1839604377746582,26,160.07692307692307,4162,0.038058198415316,0,4.6,5.4,12.2,10.0,3.6,3.0,0.138,0.06,-1.0,580.4,20.0,-100.33333333333331,-11.466666666666669
2025-11-05 00:18:54,6,117.83333333333331,707,0.1541354656219482,24,142.20833333333334,3413,0.0418764154116312,0,3.8,6.0,11.0,9.8,3.4,1.6,-19.736,0.062,-1.0,3135.2,20.0,-100.0,39.73333333333333
2025-11-05 00:18:55,4,119.0,476,0.3086915016174316,21,145.52380952380952,3056,0.0465593338012695,0,4.0,5.2,12.4,9.8,3.4,2.6,0.116,0.042,-1.0,22.0,20.0,-101.33333333333331,14.133333333333333
2025-11-05 00:18:56,5,135.0,675,0.185598611831665,26,129.96153846153845,3379,0.04066919363462,0,3.4,5.6,12.2,9.6,3.0,1.4,-19.722,0.036,-1.0,3127.6,20.0,-100.66666666666669,31.2
2025-11-05 00:18:57,5,131.8,659,0.1844223976135253,23,151.91304347826087,3494,0.0428712989972985,0,4.0,4.6,13.0,10.4,3.6,2.8,0.138,0.048,-1.0,26.6,20.0,-100.0,-2.9333333333333336
2025-11-05 00:18:58,6,135.0,810,0.1536483367284139,22,167.13636363636363,3677,0.045002362944863,0,3.4,5.6,12.2,9.6,3.0,1.4,-19.722,0.036,-1.0,3127.6,20.0,-100.66666666666669,31.2
2025-11-05 00:18:59,6,122.0,732,0.2055006821950276,23,170.17391304347825,3914,0.0430882184401802,0,4.0,4.8,12.6,10.6,3.8,2.6,0.088,0.068,-1.0,33.4,20.0,-100.0,14.133333333333333
2025-11-05 00:19:00,3,119.0,357,0.3080643018086751,21,159.28571428571428,3345,0.0471438566843668,0,3.2,5.2,13.0,10.8,3.0,1.6,-39.516,0.046,-1.0,31.4,20.0,-101.33333333333331,22.666666666666668
2025-11-05 00:19:01,6,149.16666666666666,895,0.154309352238973,27,168.66666666666666,4554,0.0366273721059163,0,3.6,5.2,13.0,10.8,4.0,2.4,0.066,0.074,-1.0,2940.0,20.0,-100.66666666666669,31.2
2025-11-05 00:19:02,37,588.4864864864865,21774,0.0318973515484784,37,120.70270270270272,4466,0.0284793505797515,0,3.4,5.4,12.0,10.4,3.4,1.6,-39.542,0.058,-1.0,36.8,20.0,-100.66666666666669,-2.9333333333333336
2025-11-05 00:19:03,12,412.25,4947,0.0821714997291565,34,87.3529411764706,2970,0.0225148832096773,0,3.6,5.2,13.0,10.8,4.0,2.4,0.066,0.074,-1.0,2940.0,20.0,-100.66666666666669,31.2
2025-11-05 00:19:04,6,125.83333333333331,755,0.1539889971415201,12,114.83333333333331,1378,0.0798568328221639,0,3.4,5.4,12.0,10.4,3.4,1.6,-39.542,0.058,-1.0,36.8,20.0,-100.66666666666669,-2.9333333333333336
